25281237	0.01275000	2628.16000000	0.01274300	123.40000000
25281237	0.01275000	2626.59000000	0.01274300	123.40000000
25281237	0.01275000	2631.77000000	0.01274300	131.24000000
25281237	0.01275000	2631.77000000	0.01274300	131.24000000
25281238	0.01275000	2631.77000000	0.01274300	118.24000000
25281238	0.01275000	2630.11000000	0.01274300	118.24000000
25281238	0.01275000	2624.93000000	0.01274300	118.24000000
25281238	0.01275000	2624.93000000	0.01274300	118.24000000
25281238	0.01275000	2624.93000000	0.01274300	79.82000000
25281238	0.01275000	2624.93000000	0.01274300	55.68000000
25281238	0.01275000	2624.93000000	0.01274300	55.68000000
25281238	0.01275000	2619.93000000	0.01274300	55.68000000
25281238	0.01275000	2619.93000000	0.01274300	55.68000000
25281238	0.01275000	2619.93000000	0.01274300	55.68000000
25281238	0.01275000	2619.93000000	0.01274300	55.68000000
25281238	0.01275000	2619.93000000	0.01274300	42.66000000
25281238	0.01275000	2548.39000000	0.01274300	42.66000000
25281238	0.01275000	2548.39000000	0.01274300	60.56000000
25281238	0.01275000	2548.39000000	0.01274300	60.56000000
25281238	0.01275000	2548.39000000	0.01274300	60.56000000
25281238	0.01275000	2548.39000000	0.01274300	33.63000000
25281238	0.01275000	2548.39000000	0.01274300	33.63000000
25281238	0.01275000	2548.39000000	0.01274300	33.63000000
25281238	0.01275000	2548.39000000	0.01274300	33.63000000
25281238	0.01275000	2548.39000000	0.01274300	33.63000000
25281238	0.01275000	2548.39000000	0.01274300	33.63000000
25281238	0.01275000	2548.39000000	0.01274300	33.63000000
25281238	0.01275000	2548.39000000	0.01274300	41.47000000
25281239	0.01275000	2546.71000000	0.01274300	41.47000000
25281239	0.01275000	2546.71000000	0.01274300	66.47000000
25281239	0.01274900	8.70000000	0.01274300	66.47000000
25281239	0.01274900	8.70000000	0.01274300	66.47000000
25281239	0.01274900	8.70000000	0.01274300	66.47000000
25281239	0.01274900	4.91000000	0.01274300	66.47000000
25281239	0.01274900	4.91000000	0.01274300	66.47000000
25281239	0.01274900	4.91000000	0.01274300	66.47000000
25281239	0.01274900	4.91000000	0.01274300	66.47000000
25281239	0.01274900	4.91000000	0.01274300	66.47000000
25281239	0.01274900	4.91000000	0.01274300	66.47000000
25281239	0.01274900	4.91000000	0.01274300	58.63000000
25281239	0.01274900	4.91000000	0.01274300	58.63000000
25281239	0.01274900	4.91000000	0.01274300	17.75000000
25281239	0.01275000	2535.46000000	0.01274900	9.22000000
25281239	0.01275000	2535.46000000	0.01274900	9.22000000
25281239	0.01275000	2535.46000000	0.01274900	9.22000000
25281239	0.01274900	2.03000000	0.01274300	17.75000000
25281239	0.01274900	0.01000000	0.01274300	17.75000000
25281239	0.01274900	0.01000000	0.01274300	17.74000000
25281239	0.01274900	0.01000000	0.01274300	25.58000000
25281239	0.01275000	2535.46000000	0.01274900	4.99000000
25281239	0.01275000	2535.46000000	0.01274900	4.99000000
25281239	0.01275000	2535.46000000	0.01274900	4.99000000
25281239	0.01275000	2535.46000000	0.01274900	2.99000000
25281239	0.01275000	2525.16000000	0.01274900	2.99000000
25281239	0.01275000	2475.16000000	0.01274900	2.99000000
25281239	0.01275000	2475.16000000	0.01274900	2.99000000
25281239	0.01275000	2475.16000000	0.01274900	2.99000000
25281239	0.01275000	2494.66000000	0.01274900	2.99000000
25281239	0.01275000	2494.66000000	0.01274900	2.99000000
25281239	0.01275000	2494.66000000	0.01274900	2.99000000
25281239	0.01275000	2494.66000000	0.01274900	2.99000000
25281239	0.01275000	2493.16000000	0.01274900	2.99000000
25281239	0.01275000	2493.16000000	0.01274900	2.99000000
25281240	0.01275000	2493.16000000	0.01274900	2.99000000
25281240	0.01275000	2493.16000000	0.01274900	2.99000000
25281240	0.01275000	2483.55000000	0.01274900	2.99000000
25281240	0.01275000	2483.55000000	0.01274900	2.99000000
25281240	0.01275000	2483.55000000	0.01274900	0.80000000
25281240	0.01274800	3.63000000	0.01274300	17.74000000
25281240	0.01274000	18.17000000	0.01273700	19.00000000
25281240	0.01274000	18.17000000	0.01273700	19.00000000
25281240	0.01274000	18.17000000	0.01273700	19.00000000
25281240	0.01274000	18.17000000	0.01273700	19.00000000
25281240	0.01274000	18.17000000	0.01273700	19.00000000
25281240	0.01274000	18.17000000	0.01273700	19.00000000
25281240	0.01274000	18.17000000	0.01273700	19.00000000
25281240	0.01274000	18.17000000	0.01273700	19.00000000
25281240	0.01273700	0.03000000	0.01273000	20.00000000
25281240	0.01273700	0.03000000	0.01273000	20.00000000
25281240	0.01274000	16.20000000	0.01273000	20.00000000
25281240	0.01274000	16.18000000	0.01273000	20.00000000
25281240	0.01274000	16.18000000	0.01273000	20.00000000
25281240	0.01274000	16.18000000	0.01273000	20.00000000
25281240	0.01274000	16.18000000	0.01273000	20.00000000
25281240	0.01274000	16.18000000	0.01273000	20.00000000
25281240	0.01274000	16.18000000	0.01273000	20.00000000
25281240	0.01274000	16.18000000	0.01273000	22.19000000
25281240	0.01274000	16.18000000	0.01273000	22.19000000
25281240	0.01274000	16.18000000	0.01273000	22.19000000
25281240	0.01274000	35.90000000	0.01273000	22.19000000
25281240	0.01274000	35.90000000	0.01273000	22.19000000
25281240	0.01274000	35.90000000	0.01273000	22.19000000
25281240	0.01274000	35.90000000	0.01273000	22.19000000
25281240	0.01274000	35.90000000	0.01273000	22.19000000
25281240	0.01274000	16.18000000	0.01273000	22.19000000
25281240	0.01274000	16.18000000	0.01273000	22.19000000
25281240	0.01274000	16.18000000	0.01273000	22.19000000
25281240	0.01274000	14.51000000	0.01273000	22.19000000
25281240	0.01274000	34.23000000	0.01273000	22.19000000
25281240	0.01274000	34.23000000	0.01273000	22.19000000
25281240	0.01274800	0.29000000	0.01274000	9.44000000
25281240	0.01274800	0.29000000	0.01274000	9.44000000
25281240	0.01274000	0.04000000	0.01273000	22.19000000
25281240	0.01274000	0.04000000	0.01273000	22.19000000
25281241	0.01274000	15.04000000	0.01273000	22.19000000
25281241	0.01274000	15.04000000	0.01273000	22.19000000
25281241	0.01274000	15.04000000	0.01273000	22.19000000
25281241	0.01274000	15.04000000	0.01273000	22.19000000
25281241	0.01274000	15.04000000	0.01273000	22.19000000
25281241	0.01274000	15.04000000	0.01273000	22.19000000
25281241	0.01274000	15.04000000	0.01273000	24.38000000
25281241	0.01274000	13.00000000	0.01273000	24.38000000
25281241	0.01274000	13.00000000	0.01273000	24.38000000
25281241	0.01274000	11.32000000	0.01273000	24.38000000
25281241	0.01274000	11.32000000	0.01273000	24.38000000
25281241	0.01274000	2.95000000	0.01273000	24.38000000
25281241	0.01274000	5.95000000	0.01273000	24.38000000
25281241	0.01273000	2439.68000000	0.01272000	2.00000000
25281241	0.01273000	2439.68000000	0.01272000	2.00000000
25281241	0.01273000	2439.68000000	0.01272000	2.00000000
25281241	0.01273000	2439.68000000	0.01272000	2.00000000
25281241	0.01272900	4.59000000	0.01272000	2.00000000
25281241	0.01272900	4.59000000	0.01272000	2.00000000
25281241	0.01272900	4.59000000	0.01272000	2.00000000
25281241	0.01272900	4.59000000	0.01272000	2.00000000
25281241	0.01272900	4.59000000	0.01272000	2.00000000
25281241	0.01272900	4.59000000	0.01272000	2.00000000
25281241	0.01272900	4.59000000	0.01272000	2.00000000
25281241	0.01272900	4.59000000	0.01272000	2.00000000
25281241	0.01272900	4.59000000	0.01272000	2.00000000
25281241	0.01272900	4.59000000	0.01272000	2.00000000
25281241	0.01272900	4.59000000	0.01272000	2.00000000
25281241	0.01273000	3118.28000000	0.01272000	2.00000000
25281241	0.01273000	3118.28000000	0.01272000	2.00000000
25281241	0.01273000	3118.28000000	0.01272000	2.00000000
25281241	0.01273000	3118.28000000	0.01272000	2.00000000
25281242	0.01273000	3118.28000000	0.01272000	2.00000000
25281242	0.01273000	3118.28000000	0.01272000	2.00000000
25281242	0.01273000	3118.28000000	0.01272000	2.00000000
25281242	0.01273000	3118.28000000	0.01272000	2.00000000
25281242	0.01273000	3100.38000000	0.01272000	2.00000000
25281242	0.01273000	3091.24000000	0.01272000	2.00000000
25281242	0.01273000	3091.24000000	0.01272000	2.00000000
25281242	0.01273000	3091.24000000	0.01272000	2.00000000
25281242	0.01273000	3091.24000000	0.01272000	2.00000000
25281242	0.01273000	3095.04000000	0.01272000	2.00000000
25281242	0.01273000	3095.04000000	0.01272000	2.00000000
25281242	0.01273000	3095.04000000	0.01272000	2.00000000
25281242	0.01273000	3095.04000000	0.01272000	2.00000000
25281242	0.01273000	3095.04000000	0.01272000	2.00000000
25281242	0.01273000	3095.04000000	0.01272000	2.00000000
25281242	0.01273000	3095.04000000	0.01272000	2.00000000
25281242	0.01273000	3095.04000000	0.01272000	2.00000000
25281242	0.01273000	3095.04000000	0.01272000	2.00000000
25281242	0.01273000	3095.04000000	0.01272000	2.00000000
25281242	0.01273000	3095.04000000	0.01272000	2.00000000
25281242	0.01273000	3095.04000000	0.01272000	2.00000000
25281242	0.01273000	3095.04000000	0.01272000	2.00000000
25281242	0.01273000	3093.46000000	0.01272000	2.00000000
25281242	0.01273000	3093.46000000	0.01272000	2.00000000
25281242	0.01273000	3093.46000000	0.01272000	2.00000000
25281242	0.01272700	1692.30000000	0.01272000	2.00000000
25281242	0.01272700	1692.30000000	0.01272000	2.00000000
25281242	0.01272700	1692.30000000	0.01272000	2.00000000
25281242	0.01272700	1692.30000000	0.01272000	2.00000000
25281242	0.01272700	1671.52000000	0.01272000	2.00000000
25281242	0.01272700	1671.52000000	0.01272000	2.00000000
25281243	0.01272700	1671.52000000	0.01272000	2.00000000
25281243	0.01272700	1671.52000000	0.01272000	2.00000000
25281243	0.01272700	1671.52000000	0.01272000	2.00000000
25281243	0.01272700	1671.52000000	0.01272000	2.00000000
25281243	0.01272700	1671.52000000	0.01272000	2.00000000
25281243	0.01272700	1883.01000000	0.01272000	2.00000000
25281243	0.01272700	1883.01000000	0.01272000	2.00000000
25281243	0.01272700	1883.01000000	0.01272000	2.00000000
25281243	0.01272700	1883.01000000	0.01272000	2.00000000
25281243	0.01272700	1882.76000000	0.01272000	2.00000000
25281243	0.01272700	1882.76000000	0.01272000	2.00000000
25281243	0.01272700	1886.56000000	0.01272000	2.00000000
25281243	0.01272700	1886.56000000	0.01272000	2.00000000
25281243	0.01272700	1886.56000000	0.01272000	2.00000000
25281243	0.01272700	1886.56000000	0.01272000	2.00000000
25281243	0.01272700	1886.56000000	0.01272000	2.00000000
25281243	0.01272700	1886.56000000	0.01272000	2.00000000
25281243	0.01272700	1886.56000000	0.01272000	2.00000000
25281243	0.01272700	1886.56000000	0.01272000	2.00000000
25281243	0.01272700	1886.56000000	0.01272000	2.00000000
25281243	0.01272700	1886.56000000	0.01272000	2.00000000
25281243	0.01272700	1972.58000000	0.01272000	2.00000000
25281243	0.01272700	1972.58000000	0.01272000	2.00000000
25281243	0.01272700	1972.58000000	0.01272000	2.00000000
25281243	0.01272700	1972.58000000	0.01272000	2.00000000
25281243	0.01272700	1972.58000000	0.01272000	2.00000000
25281243	0.01272700	1972.58000000	0.01272000	2.00000000
25281243	0.01272700	1963.35000000	0.01272000	2.00000000
25281243	0.01272700	1963.35000000	0.01272000	2.00000000
25281243	0.01272700	1963.35000000	0.01272000	2.00000000
25281243	0.01272700	1963.35000000	0.01272000	0.35000000
25281243	0.01272700	1962.87000000	0.01272000	0.35000000
25281243	0.01272700	1962.87000000	0.01272000	0.35000000
25281243	0.01272700	1962.87000000	0.01272000	0.35000000
25281244	0.01272700	1962.87000000	0.01272000	0.35000000
25281244	0.01272700	1962.87000000	0.01272000	0.35000000
25281244	0.01272700	1962.87000000	0.01272000	0.35000000
25281244	0.01272700	1962.87000000	0.01272000	0.35000000
25281244	0.01272700	1952.61000000	0.01272000	0.35000000
25281244	0.01272700	1952.61000000	0.01272000	0.35000000
25281244	0.01272700	1952.61000000	0.01272000	0.35000000
25281244	0.01272700	1952.61000000	0.01272000	0.35000000
25281244	0.01272700	1952.61000000	0.01272000	0.35000000
25281244	0.01272700	1952.61000000	0.01272000	0.35000000
25281244	0.01272700	1952.61000000	0.01272000	0.35000000
25281244	0.01272700	1952.61000000	0.01272000	0.35000000
25281244	0.01272700	1741.12000000	0.01272000	0.35000000
25281244	0.01272700	1739.27000000	0.01272000	0.35000000
25281244	0.01272700	1739.27000000	0.01272000	0.35000000
25281244	0.01272700	1739.27000000	0.01272000	0.35000000
25281244	0.01272700	1739.27000000	0.01272000	0.35000000
25281244	0.01272700	1739.27000000	0.01272000	0.35000000
25281244	0.01272700	1739.27000000	0.01272000	0.35000000
25281244	0.01272700	1739.27000000	0.01272000	0.35000000
25281244	0.01272600	161.09000000	0.01272000	0.35000000
25281244	0.01272600	161.09000000	0.01272000	0.35000000
25281244	0.01272600	161.09000000	0.01272000	0.35000000
25281244	0.01272600	161.09000000	0.01272000	0.35000000
25281244	0.01272600	161.09000000	0.01272000	0.35000000
25281244	0.01272700	1739.27000000	0.01272000	0.35000000
25281244	0.01272700	1739.27000000	0.01272000	0.35000000
25281244	0.01272600	161.09000000	0.01272000	0.35000000
25281244	0.01272500	28.90000000	0.01271200	202.38000000
25281244	0.01272500	28.90000000	0.01271200	202.38000000
25281244	0.01272500	28.90000000	0.01271200	202.38000000
25281244	0.01272500	28.90000000	0.01271200	202.38000000
25281245	0.01272500	28.90000000	0.01271200	202.38000000
25281245	0.01272500	28.90000000	0.01271200	202.38000000
25281245	0.01271200	111.00000000	0.01271000	0.05000000
25281245	0.01271000	44.17000000	0.01270700	14.00000000
25281245	0.01271000	44.17000000	0.01270700	14.00000000
25281245	0.01271000	44.17000000	0.01270700	14.00000000
25281245	0.01271000	44.17000000	0.01270700	14.00000000
25281245	0.01271000	44.17000000	0.01270700	14.00000000
25281245	0.01271000	44.17000000	0.01270700	14.00000000
25281245	0.01271000	44.17000000	0.01270700	14.00000000
25281245	0.01271000	44.17000000	0.01270700	14.00000000
25281245	0.01271000	44.17000000	0.01270600	39.85000000
25281245	0.01271000	44.17000000	0.01270600	39.85000000
25281245	0.01271000	44.17000000	0.01270600	38.19000000
25281245	0.01271000	44.17000000	0.01270600	38.19000000
25281245	0.01271000	44.17000000	0.01270600	38.19000000
25281245	0.01271000	44.17000000	0.01270600	38.19000000
25281245	0.01271000	44.17000000	0.01270700	21.62000000
25281245	0.01271000	44.17000000	0.01270700	21.62000000
25281245	0.01271000	44.17000000	0.01270700	21.62000000
25281245	0.01271000	44.17000000	0.01270300	95.95000000
25281245	0.01271000	43.52000000	0.01270300	95.95000000
25281245	0.01271000	43.52000000	0.01270300	95.95000000
25281245	0.01271000	43.52000000	0.01270300	95.95000000
25281245	0.01271000	43.52000000	0.01270300	95.95000000
25281245	0.01271200	111.00000000	0.01270300	95.95000000
25281245	0.01271200	111.00000000	0.01270300	95.95000000
25281245	0.01271200	111.00000000	0.01270300	95.95000000
25281245	0.01271200	111.00000000	0.01270300	95.95000000
25281245	0.01271200	111.00000000	0.01270300	95.95000000
25281245	0.01271000	3.80000000	0.01270300	95.95000000
25281246	0.01271000	3.80000000	0.01270300	95.95000000
25281246	0.01271000	3.80000000	0.01270300	95.95000000
25281246	0.01271200	111.00000000	0.01271000	35.53000000
25281246	0.01271200	111.00000000	0.01271000	35.53000000
25281246	0.01271100	3.92000000	0.01271000	35.53000000
25281246	0.01271100	3.92000000	0.01271000	35.53000000
25281246	0.01271100	3.92000000	0.01270300	7.00000000
25281246	0.01271100	3.92000000	0.01270300	7.00000000
25281246	0.01271100	3.92000000	0.01270300	7.00000000
25281246	0.01271100	3.92000000	0.01270300	7.00000000
25281246	0.01271100	3.92000000	0.01270100	767.75000000
25281246	0.01271100	3.58000000	0.01270100	767.75000000
25281246	0.01271100	3.58000000	0.01270100	739.28000000
25281246	0.01271100	3.58000000	0.01270100	739.28000000
25281246	0.01271100	3.58000000	0.01270100	739.28000000
25281246	0.01271100	3.58000000	0.01270100	83.81000000
25281246	0.01271100	3.58000000	0.01270100	81.53000000
25281246	0.01271100	3.58000000	0.01270100	81.53000000
25281246	0.01271100	3.58000000	0.01270000	1091.54000000
25281246	0.01271000	36.18000000	0.01270000	1091.54000000
25281246	0.01271000	36.18000000	0.01270000	1040.47000000
25281246	0.01271000	36.18000000	0.01270000	1040.47000000
25281246	0.01271000	36.18000000	0.01270000	1040.47000000
25281246	0.01271000	34.56000000	0.01270000	1040.47000000
25281246	0.01271000	34.56000000	0.01270000	1040.47000000
25281246	0.01271000	34.56000000	0.01270000	1040.47000000
25281246	0.01271000	34.56000000	0.01270000	1040.47000000
25281246	0.01271000	34.56000000	0.01270000	1040.47000000
25281246	0.01271000	34.56000000	0.01270000	1040.47000000
25281246	0.01271200	80.18000000	0.01270000	1040.47000000
25281246	0.01271200	80.18000000	0.01270000	1040.47000000
