25281237	0.17604900	3.00000000	0.17494900	14.58000000
25281237	0.17604900	3.00000000	0.17495000	0.22000000
25281237	0.17604900	3.00000000	0.17495000	0.22000000
25281237	0.17604900	3.00000000	0.17494900	14.58000000
25281237	0.17604900	3.00000000	0.17495000	0.22000000
25281237	0.17604900	3.00000000	0.17495000	0.22000000
25281238	0.17604900	3.00000000	0.17494900	14.58000000
25281238	0.17604900	3.00000000	0.17495000	0.22000000
25281238	0.17604900	3.00000000	0.17495000	0.22000000
25281238	0.17604900	3.00000000	0.17495000	0.22000000
25281238	0.17604900	2.94000000	0.17460400	0.45000000
25281238	0.17604900	2.94000000	0.17477100	0.30000000
25281238	0.17604900	2.94000000	0.17460400	0.45000000
25281238	0.17604900	2.94000000	0.17460500	0.90000000
25281238	0.17604900	2.94000000	0.17460500	0.90000000
25281238	0.17604900	2.94000000	0.17460600	14.22000000
25281238	0.17604900	2.94000000	0.17460600	14.22000000
25281238	0.17604900	2.94000000	0.17460700	1.34000000
25281238	0.17604900	2.94000000	0.17460700	1.34000000
25281238	0.17604900	2.94000000	0.17460800	14.22000000
25281238	0.17604900	2.94000000	0.17460900	0.94000000
25281238	0.17604900	2.94000000	0.17460900	0.94000000
25281238	0.17604900	2.94000000	0.17460400	0.45000000
25281238	0.17604900	2.94000000	0.17460500	1.24000000
25281238	0.17604900	2.94000000	0.17460400	0.45000000
25281238	0.17604900	2.94000000	0.17460400	0.45000000
25281238	0.17604900	2.94000000	0.17477800	0.90000000
25281238	0.17604900	2.94000000	0.17477800	0.90000000
25281238	0.17604900	2.94000000	0.17477900	14.21000000
25281238	0.17604900	2.94000000	0.17477900	14.21000000
25281238	0.17604900	2.94000000	0.17477900	14.21000000
25281238	0.17604900	2.94000000	0.17477900	14.21000000
25281238	0.17604900	2.94000000	0.17478000	0.72000000
25281238	0.17604900	2.94000000	0.17478000	0.72000000
25281238	0.17604900	2.94000000	0.17460400	0.45000000
25281238	0.17604900	2.94000000	0.17460500	0.72000000
25281238	0.17604900	2.94000000	0.17460500	0.72000000
25281238	0.17604900	2.94000000	0.17460500	0.72000000
25281238	0.17604900	2.94000000	0.17460500	0.72000000
25281238	0.17604900	2.94000000	0.17460500	0.72000000
25281238	0.17604900	2.94000000	0.17460500	0.72000000
25281238	0.17604900	2.94000000	0.17460500	0.72000000
25281238	0.17604900	2.94000000	0.17513100	0.15000000
25281238	0.17604900	2.94000000	0.17513100	0.15000000
25281238	0.17604900	2.94000000	0.17513100	0.15000000
25281238	0.17604900	2.94000000	0.17513100	0.15000000
25281238	0.17604900	2.94000000	0.17513100	0.15000000
25281238	0.17604900	2.94000000	0.17513100	0.15000000
25281238	0.17604900	2.94000000	0.17513100	0.15000000
25281238	0.17604900	2.94000000	0.17513100	0.15000000
25281239	0.17604900	2.94000000	0.17513100	0.15000000
25281239	0.17604900	2.94000000	0.17530600	0.60000000
25281239	0.17604900	2.94000000	0.17530600	0.60000000
25281239	0.17604900	2.94000000	0.17530600	0.60000000
25281239	0.17604900	2.94000000	0.17530600	0.60000000
25281239	0.17604900	2.94000000	0.17513100	0.15000000
25281239	0.17604900	2.94000000	0.17513100	0.15000000
25281239	0.17604900	2.94000000	0.17513100	0.15000000
25281239	0.17604900	2.94000000	0.17513100	0.15000000
25281239	0.17604900	2.94000000	0.17513100	0.15000000
25281239	0.17604900	2.94000000	0.17513100	0.15000000
25281239	0.17604900	2.94000000	0.17513100	0.15000000
25281239	0.17604900	2.94000000	0.17513100	0.15000000
25281239	0.17604900	2.94000000	0.17513100	0.15000000
25281239	0.17604900	2.94000000	0.17513100	0.15000000
25281239	0.17604900	2.94000000	0.17513100	0.15000000
25281239	0.17604900	2.94000000	0.17513100	0.15000000
25281239	0.17604900	2.94000000	0.17513100	0.15000000
25281239	0.17604900	2.94000000	0.17513100	0.15000000
25281239	0.17604900	2.94000000	0.17513100	0.15000000
25281239	0.17604900	2.94000000	0.17513100	0.15000000
25281239	0.17604900	2.94000000	0.17513100	0.15000000
25281239	0.17604900	2.94000000	0.17513100	0.15000000
25281239	0.17604900	2.94000000	0.17513100	0.15000000
25281239	0.17604900	2.94000000	0.17513100	0.15000000
25281239	0.17604900	2.94000000	0.17513100	0.15000000
25281239	0.17604900	2.94000000	0.17513100	0.15000000
25281239	0.17604900	2.94000000	0.17513100	0.14000000
25281240	0.17604900	2.94000000	0.17513100	0.14000000
25281240	0.17604900	2.94000000	0.17513100	0.14000000
25281240	0.17604900	2.94000000	0.17513100	0.14000000
25281240	0.17604900	2.94000000	0.17513100	0.14000000
25281240	0.17604900	2.94000000	0.17513100	0.14000000
25281240	0.17604900	2.94000000	0.17513100	0.14000000
25281240	0.17604900	2.94000000	0.17513100	0.14000000
25281240	0.17604900	2.94000000	0.17513100	0.14000000
25281240	0.17604900	2.94000000	0.17513100	0.14000000
25281240	0.17604900	2.94000000	0.17513100	0.14000000
25281240	0.17604900	2.94000000	0.17513100	0.14000000
25281240	0.17604900	2.94000000	0.17513100	0.14000000
25281240	0.17604900	2.94000000	0.17513100	0.14000000
25281240	0.17604900	2.94000000	0.17513100	0.14000000
25281240	0.17604900	2.94000000	0.17513100	0.14000000
25281240	0.17604900	2.94000000	0.17513100	0.14000000
25281240	0.17604900	2.94000000	0.17513100	0.14000000
25281240	0.17604900	2.94000000	0.17513100	0.14000000
25281240	0.17604900	2.94000000	0.17513100	0.14000000
25281240	0.17604900	2.94000000	0.17513100	0.14000000
25281240	0.17604900	2.94000000	0.17513100	0.14000000
25281240	0.17604900	2.94000000	0.17513100	0.14000000
25281240	0.17604900	2.94000000	0.17513100	0.14000000
25281240	0.17604900	2.94000000	0.17513100	0.14000000
25281241	0.17604900	2.94000000	0.17513100	0.14000000
25281241	0.17604900	2.94000000	0.17513100	0.14000000
25281241	0.17604900	2.94000000	0.17513100	0.14000000
25281241	0.17604900	2.94000000	0.17513100	0.14000000
25281241	0.17604900	2.94000000	0.17513100	0.14000000
25281241	0.17604900	2.94000000	0.17513100	0.14000000
25281241	0.17604900	2.94000000	0.17513100	0.14000000
25281241	0.17604900	2.94000000	0.17513100	0.14000000
25281241	0.17604900	2.94000000	0.17513100	0.14000000
25281241	0.17604900	2.94000000	0.17513100	0.14000000
25281241	0.17604900	2.94000000	0.17513100	0.14000000
25281241	0.17604900	2.94000000	0.17513100	0.14000000
25281241	0.17604900	2.94000000	0.17513100	0.14000000
25281241	0.17604900	2.94000000	0.17513100	1.61000000
25281241	0.17604900	2.94000000	0.17513100	1.61000000
25281241	0.17604900	2.94000000	0.17513100	1.61000000
25281241	0.17604900	2.94000000	0.17513100	1.61000000
25281241	0.17604900	2.94000000	0.17513100	1.61000000
25281241	0.17604900	2.94000000	0.17513100	1.61000000
25281241	0.17604900	2.94000000	0.17513100	1.61000000
25281241	0.17604900	2.94000000	0.17513100	1.61000000
25281241	0.17604900	2.94000000	0.17460600	0.37000000
25281241	0.17604900	2.94000000	0.17460700	2.61000000
25281241	0.17604900	2.94000000	0.17460700	2.61000000
25281241	0.17604900	2.94000000	0.17460700	2.61000000
25281241	0.17604900	2.94000000	0.17460800	14.22000000
25281241	0.17604900	2.94000000	0.17460900	1.02000000
25281241	0.17604900	2.94000000	0.17460900	1.02000000
25281241	0.17604900	2.94000000	0.17460900	1.02000000
25281242	0.17604900	2.94000000	0.17460900	1.02000000
25281242	0.17604900	2.94000000	0.17460400	0.45000000
25281242	0.17604900	2.94000000	0.17460400	0.45000000
25281242	0.17604900	2.94000000	0.17460400	0.45000000
25281242	0.17604900	2.94000000	0.17460500	1.02000000
25281242	0.17604900	2.94000000	0.17460400	0.45000000
25281242	0.17604900	2.94000000	0.17460500	1.02000000
25281242	0.17604900	2.94000000	0.17460400	0.45000000
25281242	0.17604900	2.94000000	0.17460500	1.02000000
25281242	0.17604900	2.94000000	0.17460400	0.45000000
25281242	0.17604900	2.94000000	0.17460500	1.02000000
25281242	0.17604900	2.94000000	0.17460500	1.02000000
25281242	0.17604900	2.94000000	0.17460800	1.02000000
25281242	0.17604900	2.94000000	0.17460800	1.02000000
25281242	0.17604900	2.94000000	0.17460900	14.22000000
25281242	0.17604900	2.94000000	0.17461000	1.02000000
25281242	0.17604900	2.94000000	0.17460700	0.73000000
25281242	0.17604900	2.94000000	0.17460800	1.02000000
25281242	0.17604900	2.94000000	0.17460900	14.22000000
25281242	0.17604900	2.94000000	0.17461000	1.02000000
25281242	0.17604900	2.94000000	0.17461000	1.02000000
25281242	0.17604900	2.94000000	0.17461000	1.02000000
25281242	0.17604900	2.94000000	0.17461000	1.02000000
25281242	0.17604900	2.94000000	0.17461000	1.02000000
25281242	0.17604900	2.94000000	0.17461000	1.02000000
25281242	0.17604900	2.94000000	0.17461000	1.02000000
25281242	0.17604900	2.94000000	0.17461000	1.02000000
25281242	0.17604900	2.94000000	0.17461000	1.02000000
25281242	0.17604900	2.94000000	0.17461000	1.02000000
25281243	0.17604900	2.94000000	0.17460400	0.45000000
25281243	0.17604900	2.94000000	0.17460500	1.91000000
25281243	0.17604900	2.94000000	0.17460500	1.91000000
25281243	0.17604900	2.94000000	0.17460500	1.91000000
25281243	0.17604900	2.94000000	0.17460600	14.22000000
25281243	0.17604900	2.94000000	0.17460700	1.98000000
25281243	0.17604900	2.94000000	0.17460400	0.45000000
25281243	0.17604900	2.94000000	0.17460400	0.45000000
25281243	0.17604900	2.94000000	0.17460500	1.91000000
25281243	0.17604900	2.94000000	0.17460500	1.91000000
25281243	0.17604900	2.94000000	0.17460600	14.22000000
25281243	0.17604900	2.94000000	0.17460700	0.45000000
25281243	0.17604900	2.94000000	0.17460700	0.45000000
25281243	0.17604900	2.94000000	0.17460400	0.45000000
25281243	0.17604900	2.94000000	0.17460500	0.45000000
25281243	0.17604900	2.94000000	0.17460400	0.45000000
25281243	0.17604900	2.94000000	0.17460500	0.45000000
25281243	0.17604900	2.94000000	0.17460500	0.45000000
25281243	0.17604900	2.94000000	0.17460500	0.45000000
25281243	0.17604900	2.94000000	0.17460400	0.45000000
25281243	0.17604900	2.94000000	0.17460400	0.45000000
25281243	0.17604900	2.94000000	0.17460400	0.45000000
25281243	0.17604900	2.94000000	0.17460400	0.45000000
25281243	0.17604900	2.94000000	0.17460400	0.45000000
25281243	0.17604900	2.94000000	0.17460400	0.45000000
25281243	0.17604900	2.94000000	0.17460400	0.45000000
25281243	0.17604900	2.94000000	0.17460400	0.45000000
25281243	0.17604900	2.94000000	0.17460400	0.45000000
25281243	0.17604900	2.94000000	0.17460400	0.45000000
25281243	0.17604900	2.94000000	0.17460400	0.45000000
25281243	0.17604900	2.94000000	0.17460400	0.45000000
25281243	0.17604900	2.94000000	0.17460400	0.45000000
25281243	0.17604900	2.94000000	0.17460400	0.45000000
25281243	0.17604900	2.94000000	0.17460400	0.45000000
25281243	0.17604900	2.94000000	0.17460400	0.45000000
25281244	0.17604900	2.94000000	0.17460400	0.45000000
25281244	0.17604900	2.94000000	0.17460400	0.45000000
25281244	0.17604900	2.94000000	0.17460400	0.45000000
25281244	0.17604900	2.66000000	0.17460400	0.45000000
25281244	0.17604900	2.66000000	0.17460400	0.45000000
25281244	0.17604900	2.66000000	0.17460400	0.45000000
25281244	0.17604900	2.66000000	0.17460400	0.45000000
25281244	0.17604900	2.66000000	0.17460400	0.45000000
25281244	0.17604900	2.66000000	0.17460400	0.45000000
25281244	0.17604900	2.66000000	0.17460400	0.45000000
25281244	0.17604900	2.66000000	0.17460400	0.45000000
25281244	0.17604900	2.66000000	0.17460400	0.45000000
25281244	0.17604900	2.66000000	0.17460400	0.45000000
25281244	0.17604900	2.66000000	0.17460400	0.45000000
25281244	0.17604900	2.66000000	0.17460400	0.45000000
25281244	0.17604900	2.66000000	0.17460400	0.45000000
25281244	0.17604900	2.66000000	0.17460400	0.45000000
25281244	0.17604900	2.66000000	0.17460400	0.45000000
25281244	0.17604900	2.66000000	0.17460400	0.45000000
25281244	0.17604900	2.66000000	0.17460400	0.45000000
25281244	0.17604900	2.66000000	0.17460400	0.45000000
25281244	0.17604900	2.66000000	0.17460400	0.45000000
25281244	0.17604900	2.66000000	0.17460400	0.45000000
25281244	0.17604900	2.66000000	0.17460400	0.45000000
25281244	0.17604900	2.66000000	0.17460400	0.45000000
25281244	0.17604900	2.66000000	0.17460400	0.45000000
25281244	0.17604900	2.66000000	0.17460400	0.45000000
25281244	0.17604900	2.66000000	0.17460400	0.45000000
25281244	0.17604900	2.66000000	0.17460400	0.45000000
25281244	0.17604900	2.66000000	0.17460400	0.45000000
25281244	0.17604900	2.66000000	0.17460400	0.45000000
25281244	0.17604900	2.66000000	0.17460400	0.45000000
25281244	0.17604900	2.66000000	0.17460400	0.45000000
25281244	0.17604900	2.66000000	0.17460400	0.45000000
25281244	0.17604900	2.66000000	0.17460400	0.45000000
25281245	0.17604900	2.66000000	0.17460400	0.45000000
25281245	0.17604900	2.66000000	0.17460400	0.45000000
25281245	0.17604900	2.66000000	0.17460400	0.45000000
25281245	0.17604900	2.66000000	0.17460400	0.45000000
25281245	0.17604900	2.66000000	0.17460400	0.45000000
25281245	0.17604900	2.66000000	0.17460400	0.45000000
25281245	0.17604900	2.66000000	0.17460400	0.45000000
25281245	0.17604900	2.66000000	0.17460400	0.45000000
25281245	0.17604900	2.66000000	0.17460400	0.45000000
25281245	0.17604900	2.66000000	0.17460400	0.45000000
25281245	0.17604900	2.66000000	0.17460400	0.45000000
25281245	0.17604900	2.66000000	0.17460400	14.95000000
25281245	0.17604900	2.66000000	0.17460400	14.95000000
25281245	0.17604900	2.66000000	0.17460400	14.95000000
25281245	0.17604900	2.66000000	0.17460400	14.95000000
25281245	0.17604900	2.66000000	0.17460400	14.95000000
25281245	0.17604900	2.66000000	0.17460400	14.95000000
25281245	0.17604900	2.66000000	0.17460400	14.95000000
25281245	0.17604900	2.66000000	0.17460400	14.95000000
25281245	0.17604900	2.66000000	0.17460400	14.95000000
25281245	0.17604900	2.66000000	0.17460400	14.95000000
25281245	0.17604900	2.66000000	0.17460400	14.95000000
25281246	0.17604900	2.66000000	0.17460400	14.95000000
25281246	0.17604900	2.66000000	0.17460400	14.95000000
25281246	0.17604900	2.66000000	0.17460400	14.95000000
25281246	0.17604900	2.66000000	0.17460400	14.95000000
25281246	0.17604900	2.66000000	0.17460400	14.95000000
25281246	0.17604900	2.66000000	0.17460400	14.95000000
25281246	0.17604900	2.66000000	0.17460400	14.95000000
25281246	0.17604900	2.66000000	0.17460400	14.95000000
25281246	0.17604900	2.66000000	0.17460400	14.95000000
25281246	0.17604900	2.66000000	0.17460400	14.95000000
25281246	0.17604900	2.66000000	0.17460400	14.95000000
25281246	0.17604900	2.66000000	0.17460400	14.95000000
25281246	0.17604900	2.66000000	0.17460400	14.95000000
25281246	0.17604900	2.66000000	0.17460400	14.95000000
25281246	0.17604900	2.66000000	0.17460400	14.95000000
25281246	0.17604900	2.66000000	0.17460400	14.95000000
25281246	0.17604900	2.66000000	0.17460400	14.95000000
