25281237	0.00200901	613.00000000	0.00200005	1489.00000000
25281237	0.00200841	12.00000000	0.00200007	749.00000000
25281237	0.00200900	99.00000000	0.00200007	749.00000000
25281237	0.00200900	99.00000000	0.00200068	12.00000000
25281237	0.00200900	99.00000000	0.00200070	749.00000000
25281238	0.00200900	99.00000000	0.00200070	749.00000000
25281238	0.00200900	99.00000000	0.00200131	12.00000000
25281238	0.00200901	525.00000000	0.00200900	868.00000000
25281238	0.00200901	525.00000000	0.00200900	868.00000000
25281238	0.00200901	525.00000000	0.00200900	868.00000000
25281238	0.00200901	525.00000000	0.00200900	868.00000000
25281238	0.00200901	525.00000000	0.00200900	868.00000000
25281238	0.00200901	525.00000000	0.00200900	868.00000000
25281238	0.00200901	524.00000000	0.00200900	754.00000000
25281238	0.00200901	524.00000000	0.00200900	754.00000000
25281238	0.00200901	524.00000000	0.00200900	754.00000000
25281238	0.00200901	524.00000000	0.00200900	754.00000000
25281238	0.00200003	4163.00000000	0.00200002	4070.00000000
25281238	0.00200003	4163.00000000	0.00200002	4070.00000000
25281238	0.00200003	3872.00000000	0.00200002	4119.00000000
25281238	0.00200003	3872.00000000	0.00200002	49.00000000
25281238	0.00200003	1565.00000000	0.00200002	49.00000000
25281238	0.00200003	1565.00000000	0.00200001	165.00000000
25281238	0.00200003	676.00000000	0.00200001	165.00000000
25281238	0.00200900	100.00000000	0.00200004	106.00000000
25281238	0.00200900	100.00000000	0.00200004	94.00000000
25281238	0.00200899	12.00000000	0.00200004	50.00000000
25281238	0.00200898	44.00000000	0.00200006	410.00000000
25281238	0.00200897	44.00000000	0.00200007	99.00000000
25281238	0.00200897	44.00000000	0.00200007	1513.00000000
25281238	0.00200897	44.00000000	0.00200009	442.00000000
25281238	0.00200897	411.00000000	0.00200009	248.00000000
25281238	0.00200007	855.00000000	0.00200003	144.00000000
25281238	0.00200007	855.00000000	0.00200003	122.00000000
25281238	0.00200007	367.00000000	0.00200003	122.00000000
25281238	0.00200003	22.00000000	0.00200001	165.00000000
25281238	0.00200003	22.00000000	0.00200001	165.00000000
25281238	0.00200007	97.00000000	0.00200002	1470.00000000
25281238	0.00200006	62.00000000	0.00200002	1305.00000000
25281238	0.00200895	165.00000000	0.00200010	29.00000000
25281238	0.00200002	1276.00000000	0.00200001	165.00000000
25281238	0.00200001	461.00000000	0.00200000	4497.00000000
25281238	0.00200001	761.00000000	0.00200000	4900.00000000
25281238	0.00200001	761.00000000	0.00200000	4949.00000000
25281238	0.00200001	761.00000000	0.00200000	4900.00000000
25281238	0.00200699	80.00000000	0.00199998	1495.00000000
25281238	0.00200840	12.00000000	0.00199998	1495.00000000
25281238	0.00200840	12.00000000	0.00199998	1495.00000000
25281238	0.00200840	12.00000000	0.00200005	2407.00000000
25281238	0.00200839	99.00000000	0.00200008	1470.00000000
25281238	0.00200839	99.00000000	0.00200008	5150.00000000
25281238	0.00200779	12.00000000	0.00200008	3680.00000000
25281238	0.00200779	12.00000000	0.00200011	749.00000000
25281238	0.00200779	12.00000000	0.00200085	49.00000000
25281238	0.00200779	12.00000000	0.00200085	49.00000000
25281238	0.00200779	1.00000000	0.00200087	23.00000000
25281238	0.00200900	23.00000000	0.00200087	1469.00000000
25281238	0.00201601	21.00000000	0.00201000	19159.00000000
25281238	0.00201601	21.00000000	0.00201000	17677.00000000
25281238	0.00201541	12.00000000	0.00201001	1372.00000000
25281238	0.00201541	12.00000000	0.00201001	1372.00000000
25281238	0.00201541	12.00000000	0.00201000	16605.00000000
25281238	0.00201601	21.00000000	0.00201000	16605.00000000
25281239	0.00201601	21.00000000	0.00200151	12.00000000
25281239	0.00201601	21.00000000	0.00200151	12.00000000
25281239	0.00201998	1419.00000000	0.00201001	447.00000000
25281239	0.00201998	1419.00000000	0.00201005	148.00000000
25281239	0.00201937	12.00000000	0.00201007	287.00000000
25281239	0.00201935	148.00000000	0.00201002	44.00000000
25281239	0.00201935	1567.00000000	0.00201003	62.00000000
25281239	0.00201934	17.00000000	0.00201001	373.00000000
25281239	0.00201002	44.00000000	0.00201001	284.00000000
25281239	0.00201934	1419.00000000	0.00201002	62.00000000
25281239	0.00201934	1419.00000000	0.00200095	44.00000000
25281239	0.00201932	62.00000000	0.00200095	44.00000000
25281239	0.00201932	62.00000000	0.00200155	12.00000000
25281239	0.00201932	1481.00000000	0.00200159	148.00000000
25281239	0.00201871	1073.00000000	0.00200096	4376.00000000
25281239	0.00201806	12.00000000	0.00200098	62.00000000
25281239	0.00201867	2958.00000000	0.00200098	922.00000000
25281239	0.00201866	44.00000000	0.00200099	298.00000000
25281239	0.00201865	3082.00000000	0.00200159	12.00000000
25281239	0.00201864	1256.00000000	0.00200159	12.00000000
25281239	0.00201864	357.00000000	0.00200159	12.00000000
25281239	0.00201864	357.00000000	0.00200159	12.00000000
25281239	0.00201863	848.00000000	0.00201000	10000.00000000
25281239	0.00201862	363.00000000	0.00201000	9416.00000000
25281239	0.00201862	363.00000000	0.00201060	12.00000000
25281239	0.00201860	872.00000000	0.00201001	93.00000000
25281239	0.00201798	12.00000000	0.00201001	569.00000000
25281239	0.00201798	64.00000000	0.00201000	9416.00000000
25281239	0.00201798	36.00000000	0.00201000	10215.00000000
25281239	0.00201001	569.00000000	0.00201000	10215.00000000
25281239	0.00201001	569.00000000	0.00201000	10153.00000000
25281239	0.00201799	320.00000000	0.00201001	723.00000000
25281239	0.00201798	346.00000000	0.00201002	62.00000000
25281239	0.00201798	318.00000000	0.00201061	12.00000000
25281239	0.00201796	50.00000000	0.00201002	12.00000000
25281239	0.00201733	12.00000000	0.00201002	12.00000000
25281239	0.00201795	23.00000000	0.00201002	12.00000000
25281239	0.00201794	160.00000000	0.00201001	723.00000000
25281239	0.00201793	266.00000000	0.00201062	51.00000000
25281239	0.00201793	238.00000000	0.00201001	63.00000000
25281239	0.00201731	51.00000000	0.00201001	63.00000000
25281239	0.00201731	16.00000000	0.00201002	36.00000000
25281239	0.00201670	12.00000000	0.00201001	818.00000000
25281239	0.00201670	12.00000000	0.00200161	5170.00000000
25281239	0.00201669	137.00000000	0.00200165	148.00000000
25281239	0.00201669	121.00000000	0.00200161	584.00000000
25281239	0.00201666	148.00000000	0.00200316	353.00000000
25281239	0.00201666	107.00000000	0.00200374	12.00000000
25281239	0.00201608	2223.00000000	0.00200374	12.00000000
25281239	0.00201605	107.00000000	0.00200503	11.00000000
25281239	0.00201543	12.00000000	0.00200503	11.00000000
25281239	0.00201539	12.00000000	0.00201003	646.00000000
25281239	0.00201476	12.00000000	0.00201003	635.00000000
25281239	0.00201475	31.00000000	0.00201003	619.00000000
25281239	0.00201003	16.00000000	0.00200503	11.00000000
25281239	0.00201000	20.00000000	0.00200503	11.00000000
25281239	0.00200943	12.00000000	0.00200553	49.00000000
25281239	0.00201003	13.00000000	0.00200553	49.00000000
25281239	0.00201002	40.00000000	0.00200592	49.00000000
25281240	0.00201474	13.00000000	0.00200652	12.00000000
25281240	0.00201474	13.00000000	0.00200374	468.00000000
25281240	0.00201607	117.00000000	0.00200375	4426.00000000
25281240	0.00201413	44.00000000	0.00200375	3133.00000000
25281240	0.00201413	20.00000000	0.00200433	12.00000000
25281240	0.00201413	20.00000000	0.00200434	25.00000000
25281240	0.00200375	1624.00000000	0.00200374	443.00000000
25281240	0.00200375	1114.00000000	0.00200374	533.00000000
25281240	0.00200374	353.00000000	0.00200164	226.00000000
25281240	0.00201412	24.00000000	0.00200378	3721.00000000
25281240	0.00201411	99.00000000	0.00200438	12.00000000
25281240	0.00201410	214.00000000	0.00200378	4366.00000000
25281240	0.00201353	12.00000000	0.00200381	748.00000000
25281240	0.00201353	12.00000000	0.00200382	148.00000000
25281240	0.00201352	624.00000000	0.00200382	99.00000000
25281240	0.00201351	136.00000000	0.00200383	1492.00000000
25281240	0.00201350	20.00000000	0.00200383	1492.00000000
25281240	0.00201287	24.00000000	0.00200384	84.00000000
25281240	0.00201283	148.00000000	0.00200384	84.00000000
25281240	0.00201218	11.00000000	0.00200166	3726.00000000
25281240	0.00201218	1503.00000000	0.00200166	3691.00000000
25281240	0.00201156	12.00000000	0.00200175	3724.00000000
25281240	0.00201217	136.00000000	0.00200175	1282.00000000
25281240	0.00201152	1591.00000000	0.00200181	3724.00000000
25281240	0.00201149	624.00000000	0.00200181	4403.00000000
25281240	0.00201089	296.00000000	0.00200182	957.00000000
25281240	0.00201148	1492.00000000	0.00200182	1278.00000000
25281240	0.00201085	148.00000000	0.00200183	424.00000000
25281240	0.00201084	20.00000000	0.00200183	424.00000000
25281240	0.00201149	660.00000000	0.00200174	72.00000000
25281240	0.00201152	99.00000000	0.00201149	46.00000000
25281240	0.00201218	329.00000000	0.00200376	849.00000000
25281240	0.00201217	24.00000000	0.00200379	20.00000000
25281240	0.00201218	1202.00000000	0.00200383	65.00000000
25281240	0.00201218	893.00000000	0.00200444	24.00000000
25281240	0.00201217	45.00000000	0.00200445	24.00000000
25281240	0.00201217	45.00000000	0.00200448	121.00000000
25281240	0.00201217	938.00000000	0.00200508	17.00000000
25281240	0.00201217	776.00000000	0.00200507	267.00000000
25281240	0.00201216	17.00000000	0.00200511	748.00000000
25281240	0.00201351	2172.00000000	0.00201300	851.00000000
25281240	0.00201350	365.00000000	0.00201300	851.00000000
25281240	0.00201350	365.00000000	0.00201300	851.00000000
25281240	0.00201349	126.00000000	0.00201247	321.00000000
25281240	0.00201300	90.00000000	0.00201247	321.00000000
25281240	0.00201300	40.00000000	0.00201247	107.00000000
25281240	0.00201349	126.00000000	0.00201247	107.00000000
25281240	0.00201349	126.00000000	0.00200452	1309.00000000
25281240	0.00201351	1762.00000000	0.00200513	1202.00000000
25281240	0.00201351	1128.00000000	0.00200515	1795.00000000
25281240	0.00201351	903.00000000	0.00200576	449.00000000
25281240	0.00201351	891.00000000	0.00200576	449.00000000
25281240	0.00201351	586.00000000	0.00200776	12.00000000
25281240	0.00201999	11.00000000	0.00200778	99.00000000
25281240	0.00201999	11.00000000	0.00201351	100.00000000
25281240	0.00201999	11.00000000	0.00201351	100.00000000
25281240	0.00202000	1008.00000000	0.00201411	12.00000000
25281240	0.00202000	1008.00000000	0.00201411	12.00000000
25281240	0.00202000	1008.00000000	0.00201300	581.00000000
25281240	0.00202000	1008.00000000	0.00201999	99.00000000
25281241	0.00202000	1008.00000000	0.00201999	87.00000000
25281241	0.00202000	1008.00000000	0.00201999	87.00000000
25281241	0.00202000	1008.00000000	0.00201999	87.00000000
25281241	0.00202205	24.00000000	0.00201999	87.00000000
25281241	0.00202205	24.00000000	0.00201999	87.00000000
25281241	0.00202205	24.00000000	0.00201999	87.00000000
25281241	0.00202205	24.00000000	0.00201398	1655.00000000
25281241	0.00202300	191.00000000	0.00202205	475.00000000
25281241	0.00202300	191.00000000	0.00201399	150.00000000
25281241	0.00202300	191.00000000	0.00201403	3701.00000000
25281241	0.00201400	2774.00000000	0.00201399	150.00000000
25281241	0.00201400	2461.00000000	0.00201399	150.00000000
25281241	0.00201400	2211.00000000	0.00201393	96.00000000
25281241	0.00201400	2008.00000000	0.00201393	96.00000000
25281241	0.00201400	1467.00000000	0.00201392	10.00000000
25281241	0.00201400	1467.00000000	0.00201392	10.00000000
25281241	0.00201400	1467.00000000	0.00201300	581.00000000
25281241	0.00201400	1467.00000000	0.00201300	581.00000000
25281241	0.00201400	1242.00000000	0.00201300	581.00000000
25281241	0.00201400	1242.00000000	0.00200789	44.00000000
25281241	0.00201399	744.00000000	0.00200789	107.00000000
25281241	0.00201398	44.00000000	0.00200789	519.00000000
25281241	0.00201398	44.00000000	0.00200789	519.00000000
25281241	0.00201398	44.00000000	0.00200789	12.00000000
25281241	0.00201277	12.00000000	0.00200788	45.00000000
25281241	0.00200788	27.00000000	0.00200594	99.00000000
25281241	0.00200788	72.00000000	0.00200594	99.00000000
25281241	0.00201336	3046.00000000	0.00200594	99.00000000
25281241	0.00201336	3130.00000000	0.00200595	44.00000000
25281241	0.00201276	12.00000000	0.00200595	38.00000000
25281241	0.00201275	744.00000000	0.00200935	285.00000000
25281241	0.00200934	30.00000000	0.00200188	479.00000000
25281241	0.00200933	14.00000000	0.00200187	97.00000000
25281241	0.00200933	14.00000000	0.00200161	55.00000000
25281241	0.00200932	3055.00000000	0.00200161	23.00000000
25281241	0.00200932	3055.00000000	0.00199408	245.00000000
25281241	0.00200932	2839.00000000	0.00200006	1456.00000000
25281241	0.00200930	99.00000000	0.00200007	216.00000000
25281241	0.00200930	99.00000000	0.00200350	2716.00000000
25281241	0.00200930	99.00000000	0.00200350	2716.00000000
25281241	0.00200929	778.00000000	0.00200350	2716.00000000
25281241	0.00200929	778.00000000	0.00200007	216.00000000
25281241	0.00200928	99.00000000	0.00200007	170.00000000
25281241	0.00200927	61.00000000	0.00200007	170.00000000
25281241	0.00200005	909.00000000	0.00199749	97.00000000
25281241	0.00200926	14.00000000	0.00200400	8076.00000000
25281241	0.00200926	14.00000000	0.00199749	97.00000000
25281241	0.00200926	14.00000000	0.00199749	47.00000000
25281241	0.00200926	501.00000000	0.00199749	47.00000000
25281241	0.00200924	99.00000000	0.00199749	47.00000000
25281241	0.00200925	405.00000000	0.00199291	14.00000000
25281241	0.00200924	449.00000000	0.00199291	14.00000000
25281241	0.00200924	449.00000000	0.00199291	14.00000000
25281241	0.00200923	3233.00000000	0.00199490	54.00000000
25281241	0.00200921	319.00000000	0.00199749	43.00000000
25281241	0.00200921	3490.00000000	0.00199749	43.00000000
25281241	0.00200921	2268.00000000	0.00199291	14.00000000
25281241	0.00200921	2068.00000000	0.00199291	14.00000000
25281241	0.00200900	3853.00000000	0.00199291	14.00000000
25281242	0.00200899	419.00000000	0.00199292	17.00000000
25281242	0.00200899	419.00000000	0.00199749	11.00000000
25281242	0.00200000	1823.00000000	0.00199749	11.00000000
25281242	0.00200000	1823.00000000	0.00199749	10.00000000
25281242	0.00199749	1.00000000	0.00199291	14.00000000
25281242	0.00199749	1.00000000	0.00199292	17.00000000
25281242	0.00200000	1794.00000000	0.00199292	17.00000000
25281242	0.00200000	1794.00000000	0.00199293	34.00000000
25281242	0.00200000	1794.00000000	0.00199293	34.00000000
25281242	0.00200000	1794.00000000	0.00199363	47.00000000
25281242	0.00199999	405.00000000	0.00199363	47.00000000
25281242	0.00199998	31.00000000	0.00199363	47.00000000
25281242	0.00199998	128.00000000	0.00199363	47.00000000
25281242	0.00199997	14.00000000	0.00199293	34.00000000
25281242	0.00199996	14.00000000	0.00199293	34.00000000
25281242	0.00199996	98.00000000	0.00199293	34.00000000
25281242	0.00199996	98.00000000	0.00199291	14.00000000
25281242	0.00199998	15.00000000	0.00199292	50.00000000
25281242	0.00199997	405.00000000	0.00199362	60.00000000
25281242	0.00199997	405.00000000	0.00199425	26.00000000
25281242	0.00199997	382.00000000	0.00199425	6.00000000
25281242	0.00199997	121.00000000	0.00199427	110.00000000
25281242	0.00199996	3327.00000000	0.00199425	6.00000000
25281242	0.00199996	3327.00000000	0.00199362	60.00000000
25281242	0.00199996	3327.00000000	0.00199362	60.00000000
25281242	0.00199996	3327.00000000	0.00199362	60.00000000
25281242	0.00199995	121.00000000	0.00199362	60.00000000
25281242	0.00199995	121.00000000	0.00199362	60.00000000
25281242	0.00199995	121.00000000	0.00199363	3734.00000000
25281242	0.00199998	15.00000000	0.00199997	311.00000000
25281242	0.00199998	10.00000000	0.00199997	311.00000000
25281242	0.00199998	10.00000000	0.00199997	311.00000000
25281242	0.00199998	10.00000000	0.00199997	311.00000000
25281242	0.00199998	10.00000000	0.00199997	311.00000000
25281242	0.00199998	10.00000000	0.00199997	311.00000000
25281242	0.00199998	10.00000000	0.00199294	395.00000000
25281242	0.00199998	7.00000000	0.00199294	395.00000000
25281242	0.00200000	1674.00000000	0.00199998	297.00000000
25281242	0.00200000	1331.00000000	0.00199998	340.00000000
25281242	0.00200000	1315.00000000	0.00199998	340.00000000
25281242	0.00200000	1079.00000000	0.00199998	340.00000000
25281242	0.00200000	1018.00000000	0.00199998	340.00000000
25281242	0.00200000	819.00000000	0.00199998	340.00000000
25281242	0.00200000	421.00000000	0.00199998	426.00000000
25281242	0.00200000	326.00000000	0.00199998	426.00000000
25281242	0.00200000	156.00000000	0.00199998	426.00000000
25281242	0.00200000	35.00000000	0.00199998	426.00000000
25281242	0.00200200	1692.00000000	0.00199998	426.00000000
25281242	0.00200200	1692.00000000	0.00199998	423.00000000
25281242	0.00200200	1692.00000000	0.00200018	49.00000000
25281242	0.00200200	1692.00000000	0.00200018	49.00000000
25281242	0.00200900	3853.00000000	0.00200200	1939.00000000
25281242	0.00200900	3853.00000000	0.00200200	1939.00000000
25281242	0.00200899	462.00000000	0.00200201	109.00000000
25281242	0.00200899	462.00000000	0.00200201	109.00000000
25281242	0.00200899	462.00000000	0.00200270	11.00000000
25281243	0.00200899	437.00000000	0.00200201	49.00000000
25281243	0.00200899	437.00000000	0.00200201	49.00000000
25281243	0.00200899	437.00000000	0.00200201	49.00000000
25281243	0.00200899	437.00000000	0.00200202	109.00000000
25281243	0.00200899	437.00000000	0.00200202	109.00000000
25281243	0.00200899	437.00000000	0.00200202	109.00000000
25281243	0.00200899	437.00000000	0.00200202	109.00000000
25281243	0.00200899	437.00000000	0.00200202	109.00000000
25281243	0.00200900	3760.00000000	0.00200203	6014.00000000
25281243	0.00200900	3570.00000000	0.00200272	49.00000000
25281243	0.00200899	319.00000000	0.00200273	3349.00000000
25281243	0.00200900	2757.00000000	0.00200335	49.00000000
25281243	0.00200900	2185.00000000	0.00200336	3713.00000000
25281243	0.00200899	52.00000000	0.00200336	3713.00000000
25281243	0.00200900	2154.00000000	0.00200339	3713.00000000
25281243	0.00200900	2154.00000000	0.00200341	3713.00000000
25281243	0.00200900	2154.00000000	0.00200341	3498.00000000
25281243	0.00200900	2061.00000000	0.00200341	3498.00000000
25281243	0.00200935	780.00000000	0.00200900	283.00000000
25281243	0.00201010	11.00000000	0.00200935	188.00000000
25281243	0.00201010	11.00000000	0.00200935	188.00000000
25281243	0.00201269	21.00000000	0.00200935	188.00000000
25281243	0.00201269	21.00000000	0.00200935	188.00000000
25281243	0.00201269	21.00000000	0.00200935	188.00000000
25281243	0.00201300	128.00000000	0.00200935	188.00000000
25281243	0.00201300	116.00000000	0.00200937	86.00000000
25281243	0.00201300	116.00000000	0.00200937	86.00000000
25281243	0.00201300	116.00000000	0.00200937	86.00000000
25281243	0.00201400	1242.00000000	0.00201300	202.00000000
25281243	0.00201400	1242.00000000	0.00201302	70.00000000
25281243	0.00201400	1242.00000000	0.00201311	49.00000000
25281243	0.00202000	41.00000000	0.00201319	49.00000000
25281243	0.00202000	41.00000000	0.00201400	922.00000000
25281243	0.00202000	41.00000000	0.00201400	922.00000000
25281243	0.00202000	41.00000000	0.00201402	1489.00000000
25281243	0.00202299	86.00000000	0.00202000	41.00000000
25281243	0.00202299	86.00000000	0.00202000	41.00000000
25281243	0.00202300	1042.00000000	0.00201404	107.00000000
25281243	0.00202300	1042.00000000	0.00201404	731.00000000
25281243	0.00202989	82.00000000	0.00202883	8211.00000000
25281243	0.00202989	82.00000000	0.00202777	157.00000000
25281243	0.00203250	52.00000000	0.00203000	53.00000000
25281243	0.00203250	52.00000000	0.00203000	53.00000000
25281243	0.00203394	11.00000000	0.00203000	53.00000000
25281243	0.00203394	11.00000000	0.00202302	267.00000000
25281243	0.00203394	11.00000000	0.00202305	741.00000000
25281243	0.00203394	11.00000000	0.00202308	1976.00000000
25281243	0.00203392	226.00000000	0.00202305	90.00000000
25281243	0.00203392	374.00000000	0.00202305	90.00000000
25281243	0.00203392	473.00000000	0.00203250	19.00000000
25281243	0.00203387	148.00000000	0.00202305	19.00000000
25281243	0.00203387	148.00000000	0.00202305	19.00000000
25281243	0.00203320	89.00000000	0.00202305	22.00000000
25281243	0.00203320	75.00000000	0.00202305	7.00000000
25281243	0.00203319	86.00000000	0.00202306	12.00000000
25281243	0.00203254	75.00000000	0.00202306	12.00000000
25281243	0.00203254	75.00000000	0.00202306	12.00000000
25281243	0.00203252	75.00000000	0.00202307	107.00000000
25281244	0.00203190	75.00000000	0.00202307	67.00000000
25281244	0.00203188	40.00000000	0.00202308	12.00000000
25281244	0.00203184	75.00000000	0.00202308	12.00000000
25281244	0.00203122	75.00000000	0.00202308	12.00000000
25281244	0.00203122	75.00000000	0.00202307	67.00000000
25281244	0.00203121	328.00000000	0.00202307	5.00000000
25281244	0.00203060	12.00000000	0.00202305	370.00000000
25281244	0.00203056	75.00000000	0.00202305	327.00000000
25281244	0.00203056	75.00000000	0.00202305	327.00000000
25281244	0.00202990	75.00000000	0.00202305	327.00000000
25281244	0.00202990	75.00000000	0.00202305	327.00000000
25281244	0.00202929	12.00000000	0.00202306	63.00000000
25281244	0.00202929	95.00000000	0.00202306	63.00000000
25281244	0.00202928	44.00000000	0.00202306	63.00000000
25281244	0.00202928	44.00000000	0.00202306	60.00000000
25281244	0.00202867	12.00000000	0.00202306	60.00000000
25281244	0.00202867	12.00000000	0.00202362	49.00000000
25281244	0.00202866	27.00000000	0.00202362	49.00000000
25281244	0.00202866	27.00000000	0.00202362	49.00000000
25281244	0.00203056	99.00000000	0.00203000	4643.00000000
25281244	0.00204897	88.00000000	0.00203002	148.00000000
25281244	0.00204894	148.00000000	0.00203002	1328.00000000
25281244	0.00204888	148.00000000	0.00203004	738.00000000
25281244	0.00203394	61.00000000	0.00203004	738.00000000
25281244	0.00203332	12.00000000	0.00203005	1328.00000000
25281244	0.00203332	12.00000000	0.00203005	1328.00000000
25281244	0.00203332	12.00000000	0.00203002	43.00000000
25281244	0.00203332	161.00000000	0.00203004	98.00000000
25281244	0.00203055	209.00000000	0.00203004	98.00000000
25281244	0.00203394	61.00000000	0.00203007	510.00000000
25281244	0.00203332	12.00000000	0.00203008	1328.00000000
25281244	0.00203332	12.00000000	0.00203007	510.00000000
25281244	0.00203332	12.00000000	0.00203007	510.00000000
25281244	0.00203329	148.00000000	0.00203007	510.00000000
25281244	0.00204884	580.00000000	0.00200000	1625.00000000
25281244	0.00204882	149.00000000	0.00203009	60.00000000
25281244	0.00204881	869.00000000	0.00203011	2481.00000000
25281244	0.00204000	299.00000000	0.00203072	12.00000000
25281244	0.00204000	246.00000000	0.00203072	12.00000000
25281244	0.00203999	208.00000000	0.00203072	12.00000000
25281244	0.00203999	307.00000000	0.00202446	3668.00000000
25281244	0.00203999	161.00000000	0.00202446	3668.00000000
25281244	0.00203999	161.00000000	0.00202448	3669.00000000
25281244	0.00203938	12.00000000	0.00202450	3671.00000000
25281244	0.00203938	12.00000000	0.00203000	1690.00000000
25281244	0.00203998	738.00000000	0.00203250	28.00000000
25281244	0.00203998	738.00000000	0.00203310	12.00000000
25281244	0.00203998	738.00000000	0.00203310	12.00000000
25281244	0.00203998	334.00000000	0.00203310	12.00000000
25281244	0.00203996	63.00000000	0.00203310	12.00000000
25281244	0.00203996	63.00000000	0.00203250	10.00000000
25281244	0.00203935	12.00000000	0.00203250	10.00000000
25281244	0.00203935	12.00000000	0.00203250	10.00000000
25281244	0.00203934	44.00000000	0.00203250	10.00000000
25281244	0.00203934	378.00000000	0.00203250	10.00000000
25281244	0.00203934	253.00000000	0.00203250	10.00000000
25281245	0.00203872	12.00000000	0.00203251	44.00000000
25281245	0.00203872	12.00000000	0.00203251	44.00000000
25281245	0.00203872	12.00000000	0.00203251	44.00000000
25281245	0.00203872	12.00000000	0.00203250	10.00000000
25281245	0.00203872	12.00000000	0.00203250	10.00000000
25281245	0.00203871	44.00000000	0.00203250	10.00000000
25281245	0.00203871	44.00000000	0.00202444	353.00000000
25281245	0.00203871	44.00000000	0.00202651	98.00000000
25281245	0.00203809	63.00000000	0.00202654	3674.00000000
25281245	0.00203809	63.00000000	0.00202855	3673.00000000
25281245	0.00203870	253.00000000	0.00203809	63.00000000
25281245	0.00203934	338.00000000	0.00203809	63.00000000
25281245	0.00203934	338.00000000	0.00203809	63.00000000
25281245	0.00203934	324.00000000	0.00203809	63.00000000
25281245	0.00203934	133.00000000	0.00203809	45.00000000
25281245	0.00203934	133.00000000	0.00203809	45.00000000
25281245	0.00203934	133.00000000	0.00203809	45.00000000
25281245	0.00204000	246.00000000	0.00203809	45.00000000
25281245	0.00204000	204.00000000	0.00203809	45.00000000
25281245	0.00204000	204.00000000	0.00203809	45.00000000
25281245	0.00204880	2054.00000000	0.00203811	98.00000000
25281245	0.00204879	100.00000000	0.00203934	35.00000000
25281245	0.00204879	100.00000000	0.00203934	35.00000000
25281245	0.00204879	100.00000000	0.00204001	1470.00000000
25281245	0.00204879	100.00000000	0.00204001	1470.00000000
25281245	0.00204879	220.00000000	0.00204002	98.00000000
25281245	0.00204879	220.00000000	0.00204062	12.00000000
25281245	0.00204879	206.00000000	0.00204143	48.00000000
25281245	0.00204879	206.00000000	0.00204143	48.00000000
25281245	0.00204879	206.00000000	0.00204204	12.00000000
25281245	0.00204879	206.00000000	0.00204216	48.00000000
25281245	0.00204879	153.00000000	0.00204277	12.00000000
25281245	0.00204879	120.00000000	0.00204283	129.00000000
25281245	0.00204879	10.00000000	0.00204345	12.00000000
25281245	0.00204880	1986.00000000	0.00204345	12.00000000
25281245	0.00204880	1499.00000000	0.00204342	48.00000000
25281245	0.00204880	1275.00000000	0.00204342	48.00000000
25281245	0.00204880	1158.00000000	0.00204403	12.00000000
25281245	0.00204880	992.00000000	0.00204403	113.00000000
25281245	0.00204880	992.00000000	0.00204403	113.00000000
25281245	0.00204880	763.00000000	0.00204404	63.00000000
25281245	0.00204880	328.00000000	0.00204405	44.00000000
25281245	0.00204887	836.00000000	0.00204405	44.00000000
25281245	0.00204887	836.00000000	0.00204464	12.00000000
25281245	0.00204887	661.00000000	0.00204406	279.00000000
25281245	0.00204887	545.00000000	0.00204467	12.00000000
25281245	0.00204887	545.00000000	0.00204467	12.00000000
25281245	0.00204887	545.00000000	0.00204467	12.00000000
25281245	0.00204887	545.00000000	0.00204467	12.00000000
25281245	0.00204887	545.00000000	0.00204468	63.00000000
25281245	0.00204887	545.00000000	0.00204469	44.00000000
25281245	0.00204887	545.00000000	0.00204529	12.00000000
25281245	0.00204887	545.00000000	0.00204529	12.00000000
25281245	0.00204886	17.00000000	0.00204470	63.00000000
25281245	0.00204825	12.00000000	0.00204470	63.00000000
25281246	0.00204897	88.00000000	0.00204471	18.00000000
25281246	0.00204897	88.00000000	0.00204532	12.00000000
25281246	0.00204897	88.00000000	0.00204532	12.00000000
25281246	0.00204470	58.00000000	0.00203938	63.00000000
25281246	0.00204469	51.00000000	0.00203938	27.00000000
25281246	0.00204469	51.00000000	0.00203938	27.00000000
25281246	0.00204469	51.00000000	0.00203939	31.00000000
25281246	0.00204469	51.00000000	0.00203939	31.00000000
25281246	0.00204470	32.00000000	0.00204469	681.00000000
25281246	0.00204470	32.00000000	0.00204469	606.00000000
25281246	0.00204470	32.00000000	0.00204469	594.00000000
25281246	0.00204467	396.00000000	0.00203941	75.00000000
25281246	0.00204467	396.00000000	0.00203941	75.00000000
25281246	0.00204000	16194.00000000	0.00203000	1641.00000000
25281246	0.00204000	16194.00000000	0.00203001	98.00000000
25281246	0.00203999	31.00000000	0.00203001	98.00000000
25281246	0.00203999	4.00000000	0.00203001	475.00000000
25281246	0.00203999	4.00000000	0.00203002	27.00000000
25281246	0.00203998	98.00000000	0.00203000	1230.00000000
25281246	0.00203998	98.00000000	0.00203001	340.00000000
25281246	0.00203998	98.00000000	0.00203001	315.00000000
25281246	0.00203998	98.00000000	0.00203001	315.00000000
25281246	0.00203997	27.00000000	0.00203001	315.00000000
25281246	0.00203997	4821.00000000	0.00203003	738.00000000
25281246	0.00203997	4821.00000000	0.00203004	380.00000000
25281246	0.00203996	290.00000000	0.00203000	1260.00000000
25281246	0.00203001	330.00000000	0.00203000	1216.00000000
25281246	0.00203001	330.00000000	0.00203000	1216.00000000
25281246	0.00203001	330.00000000	0.00203000	1179.00000000
25281246	0.00203996	290.00000000	0.00203002	81.00000000
25281246	0.00203996	290.00000000	0.00203002	261.00000000
25281246	0.00203995	142.00000000	0.00203002	261.00000000
25281246	0.00203995	142.00000000	0.00203002	425.00000000
25281246	0.00203995	142.00000000	0.00203002	425.00000000
25281246	0.00203994	31.00000000	0.00203002	408.00000000
25281246	0.00203993	307.00000000	0.00203002	408.00000000
25281246	0.00203992	9568.00000000	0.00203002	408.00000000
25281246	0.00203992	9568.00000000	0.00203002	388.00000000
25281246	0.00203497	1642.00000000	0.00203000	1.00000000
25281246	0.00203496	16.00000000	0.00202444	200.00000000
25281246	0.00203497	1574.00000000	0.00202445	17.00000000
25281246	0.00203497	1542.00000000	0.00203002	200.00000000
25281246	0.00203496	44.00000000	0.00203002	200.00000000
25281246	0.00203497	1338.00000000	0.00203002	200.00000000
25281246	0.00203495	290.00000000	0.00203002	200.00000000
25281246	0.00203495	228.00000000	0.00203003	44.00000000
25281246	0.00203494	31.00000000	0.00203003	44.00000000
25281246	0.00203492	17.00000000	0.00203003	44.00000000
25281246	0.00203492	17.00000000	0.00202445	149.00000000
25281246	0.00203491	44.00000000	0.00202445	149.00000000
25281246	0.00203491	44.00000000	0.00202445	149.00000000
25281246	0.00203491	27.00000000	0.00202445	149.00000000
25281246	0.00203491	27.00000000	0.00202446	18.00000000
