25281237	0.00024780	2410.00000000	0.00024399	7025.00000000
25281237	0.00024779	4824.00000000	0.00024399	7025.00000000
25281237	0.00024779	4824.00000000	0.00024399	7025.00000000
25281238	0.00024779	4824.00000000	0.00024400	217.00000000
25281238	0.00024779	4824.00000000	0.00024400	217.00000000
25281238	0.00024778	3919.00000000	0.00024400	217.00000000
25281238	0.00024777	853.00000000	0.00024400	217.00000000
25281238	0.00024776	3646.00000000	0.00024400	217.00000000
25281238	0.00024776	3646.00000000	0.00024400	217.00000000
25281238	0.00024775	4901.00000000	0.00024400	217.00000000
25281238	0.00024775	4901.00000000	0.00024400	217.00000000
25281238	0.00024775	4901.00000000	0.00024400	217.00000000
25281238	0.00024774	2410.00000000	0.00024400	217.00000000
25281238	0.00024773	1015.00000000	0.00024400	217.00000000
25281238	0.00024771	827.00000000	0.00024399	8330.00000000
25281238	0.00024771	827.00000000	0.00024399	8330.00000000
25281238	0.00024771	827.00000000	0.00024399	8330.00000000
25281238	0.00024771	827.00000000	0.00024399	8330.00000000
25281238	0.00024770	3940.00000000	0.00024400	984.00000000
25281238	0.00024769	753.00000000	0.00024400	984.00000000
25281238	0.00024768	3908.00000000	0.00024400	984.00000000
25281238	0.00024768	3908.00000000	0.00024401	217.00000000
25281238	0.00024767	891.00000000	0.00024401	217.00000000
25281238	0.00024766	3646.00000000	0.00024401	217.00000000
25281238	0.00024765	914.00000000	0.00024401	217.00000000
25281238	0.00024765	914.00000000	0.00024401	217.00000000
25281238	0.00024764	3853.00000000	0.00024401	217.00000000
25281238	0.00024762	857.00000000	0.00024401	217.00000000
25281238	0.00024760	3810.00000000	0.00024401	217.00000000
25281238	0.00024759	819.00000000	0.00024401	217.00000000
25281238	0.00024759	819.00000000	0.00024401	217.00000000
25281238	0.00024759	819.00000000	0.00024400	984.00000000
25281238	0.00024758	3799.00000000	0.00024400	984.00000000
25281238	0.00024757	748.00000000	0.00024400	984.00000000
25281238	0.00024757	748.00000000	0.00024400	984.00000000
25281238	0.00024757	748.00000000	0.00024326	825.00000000
25281238	0.00024757	4667.00000000	0.00024327	987.00000000
25281238	0.00024757	4667.00000000	0.00024327	987.00000000
25281238	0.00024757	4667.00000000	0.00024327	987.00000000
25281238	0.00024755	1002.00000000	0.00024327	987.00000000
25281238	0.00024754	4563.00000000	0.00024328	2270.00000000
25281238	0.00024753	985.00000000	0.00024328	2270.00000000
25281238	0.00024752	4531.00000000	0.00024329	217.00000000
25281238	0.00024751	851.00000000	0.00024329	217.00000000
25281238	0.00024750	4498.00000000	0.00024329	1203.00000000
25281238	0.00024750	4498.00000000	0.00024330	2237.00000000
25281238	0.00024749	962.00000000	0.00024330	2237.00000000
25281238	0.00024749	4881.00000000	0.00024330	2237.00000000
25281238	0.00024747	932.00000000	0.00024330	2237.00000000
25281238	0.00024747	932.00000000	0.00024330	2237.00000000
25281238	0.00024745	874.00000000	0.00024330	2237.00000000
25281238	0.00024743	4410.00000000	0.00024330	2237.00000000
25281238	0.00024741	868.00000000	0.00024330	2237.00000000
25281238	0.00024741	868.00000000	0.00024331	986.00000000
25281239	0.00024740	4366.00000000	0.00024332	2172.00000000
25281239	0.00024739	916.00000000	0.00024332	2172.00000000
25281239	0.00024739	916.00000000	0.00024332	2172.00000000
25281239	0.00024739	916.00000000	0.00024333	217.00000000
25281239	0.00024698	1302.00000000	0.00024333	217.00000000
25281239	0.00024697	743.00000000	0.00024333	217.00000000
25281239	0.00024696	3864.00000000	0.00024333	217.00000000
25281239	0.00024696	3864.00000000	0.00024333	217.00000000
25281239	0.00024694	821.00000000	0.00024333	217.00000000
25281239	0.00024693	976.00000000	0.00024333	217.00000000
25281239	0.00024691	907.00000000	0.00024333	217.00000000
25281239	0.00024690	3646.00000000	0.00024333	217.00000000
25281239	0.00024688	3777.00000000	0.00024339	7043.00000000
25281239	0.00024687	3646.00000000	0.00024339	7043.00000000
25281239	0.00024687	3646.00000000	0.00024339	7043.00000000
25281239	0.00024686	4469.00000000	0.00024339	7043.00000000
25281239	0.00024500	983.00000000	0.00024339	7043.00000000
25281239	0.00024500	983.00000000	0.00024339	7043.00000000
25281239	0.00024483	1302.00000000	0.00024339	7043.00000000
25281239	0.00024483	1302.00000000	0.00024339	7043.00000000
25281239	0.00024482	976.00000000	0.00024339	7043.00000000
25281239	0.00024482	976.00000000	0.00024339	6593.00000000
25281239	0.00024482	976.00000000	0.00024339	6593.00000000
25281239	0.00024482	976.00000000	0.00024339	6593.00000000
25281239	0.00024482	976.00000000	0.00024339	6593.00000000
25281239	0.00024467	1302.00000000	0.00024339	6593.00000000
25281239	0.00024466	976.00000000	0.00024339	6593.00000000
25281239	0.00024466	976.00000000	0.00024339	6593.00000000
25281239	0.00024466	976.00000000	0.00024339	6593.00000000
25281239	0.00024466	976.00000000	0.00024339	6593.00000000
25281239	0.00024466	976.00000000	0.00024339	6593.00000000
25281239	0.00024453	1302.00000000	0.00024339	6593.00000000
25281239	0.00024453	1302.00000000	0.00024339	6593.00000000
25281239	0.00024452	976.00000000	0.00024339	6593.00000000
25281239	0.00024452	976.00000000	0.00024339	6593.00000000
25281240	0.00024452	976.00000000	0.00024339	6593.00000000
25281240	0.00024452	976.00000000	0.00024339	6593.00000000
25281240	0.00024440	1302.00000000	0.00024339	6593.00000000
25281240	0.00024440	1302.00000000	0.00024339	6593.00000000
25281240	0.00024440	1302.00000000	0.00024339	5400.00000000
25281240	0.00024440	1302.00000000	0.00024339	5400.00000000
25281240	0.00024439	976.00000000	0.00024339	5400.00000000
25281240	0.00024439	976.00000000	0.00024339	5400.00000000
25281240	0.00024439	976.00000000	0.00024339	4078.00000000
25281240	0.00024439	976.00000000	0.00024339	3547.00000000
25281240	0.00024429	1302.00000000	0.00024339	3547.00000000
25281240	0.00024429	1185.00000000	0.00024339	3547.00000000
25281240	0.00024429	1185.00000000	0.00024339	3272.00000000
25281240	0.00024429	1185.00000000	0.00024339	3272.00000000
25281240	0.00024428	976.00000000	0.00024339	3272.00000000
25281240	0.00024428	976.00000000	0.00024339	1976.00000000
25281240	0.00024428	976.00000000	0.00024339	91.00000000
25281240	0.00024428	976.00000000	0.00024339	91.00000000
25281240	0.00024419	1185.00000000	0.00024339	91.00000000
25281240	0.00024419	1185.00000000	0.00024339	91.00000000
25281240	0.00024419	1185.00000000	0.00024339	91.00000000
25281240	0.00024418	976.00000000	0.00024339	91.00000000
25281240	0.00024418	976.00000000	0.00024339	91.00000000
25281240	0.00024418	976.00000000	0.00024339	91.00000000
25281240	0.00024418	976.00000000	0.00024339	91.00000000
25281240	0.00024418	976.00000000	0.00024256	328.00000000
25281240	0.00024401	1185.00000000	0.00024256	328.00000000
25281240	0.00024401	1185.00000000	0.00024256	328.00000000
25281240	0.00024401	985.00000000	0.00024256	328.00000000
25281240	0.00024401	985.00000000	0.00024129	91.00000000
25281240	0.00024401	985.00000000	0.00024129	91.00000000
25281240	0.00024401	985.00000000	0.00024129	91.00000000
25281241	0.00024401	985.00000000	0.00024129	91.00000000
25281241	0.00024401	985.00000000	0.00024129	91.00000000
25281241	0.00024497	11146.00000000	0.00024129	91.00000000
25281241	0.00024496	8151.00000000	0.00024129	91.00000000
25281241	0.00024496	8151.00000000	0.00024129	91.00000000
25281241	0.00024496	8151.00000000	0.00024129	91.00000000
25281241	0.00024459	985.00000000	0.00024129	91.00000000
25281241	0.00024458	3769.00000000	0.00024129	1409.00000000
25281241	0.00024458	3769.00000000	0.00024130	716.00000000
25281241	0.00024458	3769.00000000	0.00024131	663.00000000
25281241	0.00024458	3769.00000000	0.00024132	664.00000000
25281241	0.00024458	3769.00000000	0.00024132	664.00000000
25281241	0.00024458	3769.00000000	0.00024132	664.00000000
25281241	0.00024458	3769.00000000	0.00024132	4583.00000000
25281241	0.00024458	3769.00000000	0.00024133	662.00000000
25281241	0.00024458	3769.00000000	0.00024134	1364.00000000
25281241	0.00024458	3769.00000000	0.00024134	1364.00000000
25281241	0.00024458	3769.00000000	0.00024135	662.00000000
25281241	0.00024425	985.00000000	0.00024136	1314.00000000
25281241	0.00024425	985.00000000	0.00024136	1314.00000000
25281241	0.00024425	985.00000000	0.00024136	1314.00000000
25281241	0.00024425	985.00000000	0.00024138	662.00000000
25281241	0.00024425	985.00000000	0.00024139	701.00000000
25281241	0.00024425	985.00000000	0.00024139	701.00000000
25281241	0.00024425	985.00000000	0.00024139	701.00000000
25281241	0.00024494	3797.00000000	0.00024140	662.00000000
25281241	0.00024493	11146.00000000	0.00024142	762.00000000
25281241	0.00024492	3753.00000000	0.00024143	844.00000000
25281241	0.00024492	3753.00000000	0.00024144	10762.00000000
25281241	0.00024492	3753.00000000	0.00024146	10762.00000000
25281241	0.00024492	3753.00000000	0.00024145	864.00000000
25281241	0.00024456	3312.00000000	0.00024147	662.00000000
25281241	0.00024456	3312.00000000	0.00024147	662.00000000
25281241	0.00024456	3312.00000000	0.00024148	3073.00000000
25281241	0.00024456	3312.00000000	0.00024148	3073.00000000
25281241	0.00024456	3312.00000000	0.00024148	3173.00000000
25281241	0.00024456	3312.00000000	0.00024148	3173.00000000
25281241	0.00024456	3312.00000000	0.00024172	91.00000000
25281241	0.00024456	3312.00000000	0.00024172	91.00000000
25281241	0.00024456	3312.00000000	0.00024172	91.00000000
25281241	0.00024456	3312.00000000	0.00024149	4019.00000000
25281241	0.00024456	3312.00000000	0.00024149	100.00000000
25281241	0.00024456	3312.00000000	0.00024147	762.00000000
25281242	0.00024456	3312.00000000	0.00024147	762.00000000
25281242	0.00024454	3279.00000000	0.00024147	762.00000000
25281242	0.00024453	3646.00000000	0.00024147	762.00000000
25281242	0.00024452	3257.00000000	0.00024147	1979.00000000
25281242	0.00024452	3257.00000000	0.00024147	1979.00000000
25281242	0.00024452	3257.00000000	0.00024147	1979.00000000
25281242	0.00024452	3257.00000000	0.00024147	1979.00000000
25281242	0.00024421	985.00000000	0.00024147	1979.00000000
25281242	0.00024421	985.00000000	0.00024147	1979.00000000
25281242	0.00024421	985.00000000	0.00024147	1979.00000000
25281242	0.00024397	593.00000000	0.00024147	1979.00000000
25281242	0.00024397	593.00000000	0.00024147	1979.00000000
25281242	0.00024397	4512.00000000	0.00024147	1979.00000000
25281242	0.00024397	4512.00000000	0.00024147	1979.00000000
25281242	0.00024397	4512.00000000	0.00024147	1979.00000000
25281242	0.00024397	4512.00000000	0.00024147	1979.00000000
25281242	0.00024372	985.00000000	0.00024147	1979.00000000
25281242	0.00024397	706.00000000	0.00024147	1979.00000000
25281242	0.00024397	706.00000000	0.00024148	889.00000000
25281242	0.00024492	7500.00000000	0.00024148	889.00000000
25281242	0.00024490	11146.00000000	0.00024148	889.00000000
25281242	0.00024490	11146.00000000	0.00024148	889.00000000
25281242	0.00024466	581.00000000	0.00024148	889.00000000
25281242	0.00024466	581.00000000	0.00024148	889.00000000
25281242	0.00024465	3389.00000000	0.00024148	889.00000000
25281242	0.00024465	3389.00000000	0.00024148	889.00000000
25281242	0.00024465	3389.00000000	0.00024148	889.00000000
25281242	0.00024464	3919.00000000	0.00024148	889.00000000
25281242	0.00024464	3919.00000000	0.00024148	889.00000000
25281242	0.00024462	3646.00000000	0.00024148	889.00000000
25281242	0.00024461	3345.00000000	0.00024148	889.00000000
25281242	0.00024460	3646.00000000	0.00024148	889.00000000
25281242	0.00024458	3646.00000000	0.00024148	889.00000000
25281242	0.00024457	3301.00000000	0.00024148	2205.00000000
25281242	0.00024456	3919.00000000	0.00024148	2205.00000000
25281243	0.00024455	3279.00000000	0.00024148	2205.00000000
25281243	0.00024455	3279.00000000	0.00024148	2205.00000000
25281243	0.00024450	983.00000000	0.00024148	2205.00000000
25281243	0.00024450	983.00000000	0.00024148	2205.00000000
25281243	0.00024450	983.00000000	0.00024148	2205.00000000
25281243	0.00024448	3646.00000000	0.00024148	2205.00000000
25281243	0.00024448	3646.00000000	0.00024148	2205.00000000
25281243	0.00024448	3646.00000000	0.00024149	1324.00000000
25281243	0.00024448	3646.00000000	0.00024150	704.00000000
25281243	0.00024448	3646.00000000	0.00024150	704.00000000
25281243	0.00024448	3646.00000000	0.00024150	704.00000000
25281243	0.00024447	3919.00000000	0.00024150	704.00000000
25281243	0.00024446	3158.00000000	0.00024150	704.00000000
25281243	0.00024422	582.00000000	0.00024150	704.00000000
25281243	0.00024422	582.00000000	0.00024151	1324.00000000
25281243	0.00024422	582.00000000	0.00024152	777.00000000
25281243	0.00024422	582.00000000	0.00024152	777.00000000
25281243	0.00024398	581.00000000	0.00024152	777.00000000
25281243	0.00024398	581.00000000	0.00024152	777.00000000
25281243	0.00024398	581.00000000	0.00024152	2092.00000000
25281243	0.00024398	581.00000000	0.00024152	2092.00000000
25281243	0.00024398	581.00000000	0.00024152	2092.00000000
25281243	0.00024398	581.00000000	0.00024153	1324.00000000
25281243	0.00024398	581.00000000	0.00024154	671.00000000
25281243	0.00024398	581.00000000	0.00024154	671.00000000
25281243	0.00024398	581.00000000	0.00024155	1324.00000000
25281243	0.00024398	581.00000000	0.00024155	1324.00000000
25281244	0.00024398	581.00000000	0.00024156	761.00000000
25281244	0.00024398	581.00000000	0.00024156	761.00000000
25281244	0.00024398	581.00000000	0.00024156	761.00000000
25281244	0.00024374	582.00000000	0.00024156	761.00000000
25281244	0.00024374	582.00000000	0.00024129	91.00000000
25281244	0.00024374	582.00000000	0.00024129	91.00000000
25281244	0.00024374	582.00000000	0.00024129	91.00000000
25281244	0.00024350	581.00000000	0.00024129	91.00000000
25281244	0.00024350	581.00000000	0.00024129	91.00000000
25281244	0.00024350	581.00000000	0.00024129	91.00000000
25281244	0.00024350	581.00000000	0.00024129	91.00000000
25281244	0.00024350	581.00000000	0.00024129	91.00000000
25281244	0.00024350	581.00000000	0.00024129	91.00000000
25281244	0.00024350	581.00000000	0.00024129	91.00000000
25281244	0.00024350	581.00000000	0.00024129	91.00000000
25281244	0.00024350	581.00000000	0.00024129	91.00000000
25281244	0.00024350	581.00000000	0.00024129	91.00000000
25281244	0.00024350	581.00000000	0.00024129	91.00000000
25281244	0.00024350	581.00000000	0.00024129	91.00000000
25281244	0.00024350	581.00000000	0.00024129	91.00000000
25281244	0.00024350	581.00000000	0.00024129	91.00000000
25281244	0.00024350	581.00000000	0.00024129	91.00000000
25281244	0.00024350	581.00000000	0.00024129	91.00000000
25281244	0.00024350	581.00000000	0.00024130	1487.00000000
25281244	0.00024350	138.00000000	0.00024134	21450.00000000
25281244	0.00024350	138.00000000	0.00024136	21450.00000000
25281244	0.00024350	138.00000000	0.00024138	21450.00000000
25281244	0.00024350	138.00000000	0.00024326	582.00000000
25281244	0.00024449	11146.00000000	0.00024397	1501.00000000
25281244	0.00024449	11146.00000000	0.00024397	1501.00000000
25281244	0.00024449	10127.00000000	0.00024397	1501.00000000
25281244	0.00024449	10127.00000000	0.00024397	1501.00000000
25281245	0.00024449	10127.00000000	0.00024397	1501.00000000
25281245	0.00024450	20983.00000000	0.00024397	1501.00000000
25281245	0.00024450	20751.00000000	0.00024397	1427.00000000
25281245	0.00024450	20751.00000000	0.00024397	1427.00000000
25281245	0.00024450	20751.00000000	0.00024397	1427.00000000
25281245	0.00024450	20751.00000000	0.00024397	1427.00000000
25281245	0.00024450	20751.00000000	0.00024397	1427.00000000
25281245	0.00024450	20751.00000000	0.00024397	1427.00000000
25281245	0.00024450	20751.00000000	0.00024397	1427.00000000
25281245	0.00024450	20751.00000000	0.00024397	1427.00000000
25281245	0.00024449	10127.00000000	0.00024397	1427.00000000
25281245	0.00024449	10127.00000000	0.00024397	1427.00000000
25281245	0.00024449	10127.00000000	0.00024397	1427.00000000
25281245	0.00024449	10127.00000000	0.00024397	1427.00000000
25281245	0.00024449	10127.00000000	0.00024397	1427.00000000
25281245	0.00024449	10127.00000000	0.00024397	1427.00000000
25281245	0.00024449	10127.00000000	0.00024397	1427.00000000
25281245	0.00024449	10127.00000000	0.00024397	981.00000000
25281245	0.00024449	10127.00000000	0.00024397	981.00000000
25281245	0.00024449	10127.00000000	0.00024397	981.00000000
25281245	0.00024449	10127.00000000	0.00024397	981.00000000
25281245	0.00024449	10127.00000000	0.00024397	981.00000000
25281245	0.00024449	10127.00000000	0.00024397	981.00000000
25281245	0.00024449	10127.00000000	0.00024397	981.00000000
25281245	0.00024449	10127.00000000	0.00024397	981.00000000
25281245	0.00024449	10127.00000000	0.00024397	981.00000000
25281245	0.00024449	10127.00000000	0.00024397	981.00000000
25281245	0.00024449	10127.00000000	0.00024397	981.00000000
25281245	0.00024450	751.00000000	0.00024397	981.00000000
25281245	0.00024450	751.00000000	0.00024397	981.00000000
25281246	0.00024450	20751.00000000	0.00024397	981.00000000
25281246	0.00024450	20751.00000000	0.00024397	981.00000000
25281246	0.00024450	20751.00000000	0.00024397	981.00000000
25281246	0.00024449	10127.00000000	0.00024397	981.00000000
25281246	0.00024449	10127.00000000	0.00024397	981.00000000
25281246	0.00024449	10127.00000000	0.00024397	981.00000000
25281246	0.00024449	10127.00000000	0.00024397	981.00000000
25281246	0.00024449	10127.00000000	0.00024397	981.00000000
25281246	0.00024450	751.00000000	0.00024397	981.00000000
25281246	0.00024450	751.00000000	0.00024397	981.00000000
25281246	0.00024450	751.00000000	0.00024397	981.00000000
25281246	0.00024450	751.00000000	0.00024397	981.00000000
25281246	0.00024450	751.00000000	0.00024397	981.00000000
25281246	0.00024450	751.00000000	0.00024397	981.00000000
25281246	0.00024450	751.00000000	0.00024397	940.00000000
25281246	0.00024450	751.00000000	0.00024398	1550.00000000
25281246	0.00024450	751.00000000	0.00024398	1550.00000000
25281246	0.00024449	574.00000000	0.00024398	1550.00000000
25281246	0.00024449	574.00000000	0.00024397	940.00000000
25281246	0.00024449	574.00000000	0.00024397	940.00000000
25281246	0.00024449	574.00000000	0.00024397	940.00000000
25281246	0.00024449	574.00000000	0.00024397	940.00000000
25281246	0.00024449	574.00000000	0.00024397	940.00000000
25281246	0.00024449	574.00000000	0.00024397	940.00000000
25281246	0.00024449	111.00000000	0.00024397	940.00000000
