25281237	0.01489600	55.63000000	0.01489000	27.18000000
25281237	0.01489600	55.63000000	0.01489000	27.18000000
25281237	0.01489600	55.63000000	0.01489000	27.18000000
25281237	0.01489600	55.63000000	0.01489000	27.18000000
25281237	0.01489000	25.00000000	0.01484600	8.10000000
25281238	0.01489000	25.00000000	0.01484600	8.10000000
25281238	0.01489000	25.00000000	0.01484600	8.10000000
25281238	0.01489000	25.00000000	0.01484600	8.10000000
25281238	0.01489000	25.00000000	0.01484600	8.10000000
25281238	0.01489000	25.00000000	0.01484600	6.60000000
25281238	0.01489000	25.00000000	0.01483800	9.70000000
25281238	0.01489000	25.00000000	0.01483800	9.70000000
25281238	0.01489000	25.00000000	0.01483800	9.70000000
25281238	0.01489000	25.00000000	0.01483800	9.70000000
25281238	0.01489000	25.00000000	0.01483800	9.70000000
25281238	0.01489000	25.00000000	0.01483800	9.70000000
25281238	0.01489000	25.00000000	0.01483800	9.70000000
25281238	0.01489000	25.00000000	0.01483800	9.70000000
25281238	0.01488900	9.00000000	0.01483800	8.00000000
25281238	0.01488900	9.00000000	0.01483800	8.00000000
25281238	0.01488900	9.00000000	0.01483800	1.84000000
25281238	0.01488900	9.00000000	0.01483800	1.84000000
25281238	0.01488900	18.00000000	0.01483800	1.84000000
25281238	0.01488900	18.00000000	0.01483800	1.84000000
25281238	0.01488900	18.00000000	0.01483800	1.84000000
25281238	0.01488900	18.00000000	0.01483800	1.84000000
25281238	0.01488900	18.00000000	0.01483800	1.84000000
25281238	0.01488900	9.00000000	0.01483800	357.59000000
25281238	0.01488900	0.07000000	0.01483800	357.59000000
25281238	0.01489600	48.44000000	0.01483800	357.59000000
25281238	0.01489600	48.44000000	0.01485200	6.98000000
25281238	0.01489600	48.44000000	0.01483800	1.84000000
25281238	0.01489600	48.44000000	0.01483900	68.99000000
25281238	0.01489600	48.44000000	0.01483900	68.99000000
25281238	0.01489500	9.00000000	0.01484000	9.00000000
25281238	0.01489500	9.00000000	0.01484000	9.00000000
25281238	0.01489500	18.00000000	0.01484000	9.00000000
25281238	0.01489500	18.00000000	0.01484000	9.00000000
25281238	0.01489500	18.00000000	0.01484000	9.00000000
25281238	0.01489500	9.00000000	0.01484000	9.00000000
25281238	0.01489600	13.69000000	0.01484000	9.00000000
25281238	0.01489600	13.69000000	0.01484000	9.00000000
25281238	0.01489600	13.69000000	0.01484000	9.00000000
25281238	0.01489600	13.69000000	0.01483800	8.35000000
25281238	0.01489600	13.69000000	0.01483800	8.35000000
25281239	0.01489500	9.00000000	0.01483900	9.00000000
25281239	0.01489500	0.45000000	0.01484200	21.66000000
25281239	0.01489500	0.45000000	0.01484300	44.55000000
25281239	0.01489600	0.27000000	0.01484300	44.55000000
25281239	0.01490000	53.08000000	0.01484300	44.55000000
25281239	0.01504500	80.38000000	0.01484500	30.34000000
25281239	0.01504400	46.00000000	0.01485900	1.48000000
25281239	0.01504400	46.00000000	0.01485900	1.48000000
25281239	0.01504400	46.00000000	0.01486100	168.80000000
25281239	0.01504400	46.00000000	0.01486100	168.80000000
25281239	0.01504400	46.00000000	0.01486200	148.80000000
25281239	0.01504400	46.00000000	0.01486300	153.60000000
25281239	0.01504400	46.00000000	0.01487700	41.61000000
25281239	0.01504400	46.00000000	0.01487800	148.64000000
25281239	0.01504400	46.00000000	0.01487900	16.13000000
25281239	0.01504400	46.00000000	0.01487900	16.13000000
25281239	0.01504400	46.00000000	0.01488000	9.00000000
25281239	0.01504400	46.00000000	0.01488000	9.00000000
25281239	0.01504300	135.58000000	0.01488000	9.00000000
25281239	0.01504100	150.00000000	0.01488000	9.00000000
25281239	0.01504000	46.00000000	0.01488000	9.00000000
25281239	0.01504000	46.00000000	0.01488000	9.00000000
25281239	0.01504000	46.00000000	0.01488000	9.00000000
25281239	0.01504000	46.00000000	0.01488100	148.61000000
25281239	0.01504000	46.00000000	0.01488200	6.31000000
25281239	0.01503900	135.58000000	0.01488100	138.53000000
25281239	0.01503700	46.00000000	0.01488100	138.53000000
25281239	0.01503700	46.00000000	0.01488100	138.53000000
25281239	0.01503600	10.08000000	0.01488200	9.00000000
25281239	0.01503500	46.00000000	0.01488200	9.00000000
25281239	0.01503500	46.00000000	0.01488200	9.00000000
25281239	0.01503400	10.08000000	0.01488300	138.52000000
25281239	0.01503400	10.08000000	0.01488400	24.71000000
25281239	0.01511500	0.02000000	0.01503400	503.87000000
25281239	0.01511500	0.02000000	0.01503600	496.53000000
25281239	0.01511500	0.02000000	0.01503800	496.45000000
25281239	0.01511500	0.02000000	0.01504000	491.27000000
25281239	0.01511500	0.02000000	0.01503900	1.07000000
25281239	0.01511500	0.02000000	0.01503300	21.00000000
25281239	0.01511500	100.02000000	0.01503300	21.00000000
25281239	0.01504500	7.62000000	0.01503300	21.00000000
25281239	0.01503300	6.00000000	0.01498800	2.57000000
25281239	0.01503300	6.00000000	0.01498800	2.57000000
25281239	0.01503300	6.00000000	0.01498800	2.57000000
25281239	0.01503300	6.00000000	0.01498800	2.57000000
25281239	0.01503300	6.00000000	0.01498800	2.57000000
25281239	0.01503300	6.00000000	0.01498800	2.57000000
25281239	0.01503300	6.00000000	0.01498800	2.57000000
25281239	0.01503300	6.00000000	0.01498800	2.57000000
25281239	0.01503300	6.00000000	0.01494600	44.53000000
25281239	0.01503300	6.00000000	0.01494700	16.03000000
25281239	0.01503300	6.00000000	0.01494700	16.03000000
25281239	0.01503300	6.00000000	0.01494700	16.03000000
25281239	0.01503300	8.57000000	0.01494700	15.00000000
25281239	0.01503300	8.57000000	0.01496100	26.38000000
25281239	0.01503300	108.57000000	0.01496300	16.59000000
25281239	0.01503300	108.57000000	0.01496200	147.91000000
25281240	0.01503300	108.57000000	0.01496300	15.44000000
25281240	0.01503300	108.57000000	0.01496300	15.44000000
25281240	0.01514100	150.00000000	0.01511400	6.00000000
25281240	0.01514100	148.38000000	0.01511400	6.00000000
25281240	0.01514100	36.37000000	0.01512500	3.08000000
25281240	0.01514200	80.62000000	0.01512500	3.08000000
25281240	0.01514200	46.14000000	0.01512500	9.46000000
25281240	0.01514500	670.65000000	0.01512500	9.46000000
25281240	0.01514500	670.65000000	0.01512500	3.48000000
25281240	0.01514500	670.65000000	0.01511400	2.54000000
25281240	0.01511400	14.81000000	0.01496700	147.86000000
25281240	0.01511400	14.81000000	0.01496800	14.30000000
25281240	0.01511300	4.80000000	0.01496900	27.33000000
25281240	0.01511300	4.80000000	0.01497000	147.83000000
25281240	0.01511300	4.80000000	0.01497100	16.46000000
25281240	0.01511300	4.80000000	0.01497100	16.46000000
25281240	0.01511300	4.80000000	0.01497100	160.89000000
25281240	0.01511300	7.87000000	0.01497100	158.85000000
25281240	0.01511300	7.87000000	0.01497200	9.00000000
25281240	0.01511300	7.87000000	0.01497200	5.00000000
25281240	0.01511300	7.87000000	0.01497200	159.78000000
25281240	0.01511300	7.87000000	0.01497300	89.83000000
25281240	0.01511300	10.89000000	0.01497300	46.59000000
25281240	0.01511300	60.89000000	0.01497300	42.45000000
25281240	0.01511300	60.89000000	0.01497300	42.45000000
25281240	0.01511300	60.89000000	0.01497300	42.45000000
25281240	0.01511300	60.89000000	0.01497300	17.08000000
25281240	0.01510900	7.82000000	0.01497300	2.27000000
25281240	0.01510900	7.82000000	0.01496600	9.00000000
25281240	0.01510900	7.82000000	0.01496700	15.29000000
25281240	0.01510900	7.82000000	0.01496600	4.29000000
25281240	0.01510900	7.82000000	0.01496600	15.02000000
25281240	0.01496700	15.00000000	0.01496600	7.20000000
25281240	0.01496700	15.00000000	0.01495900	21.82000000
25281240	0.01496700	15.00000000	0.01495900	21.82000000
25281240	0.01496700	15.00000000	0.01495900	21.82000000
25281240	0.01496700	15.00000000	0.01495900	21.82000000
25281240	0.01511100	32.68000000	0.01495900	6.82000000
25281240	0.01495900	6.47000000	0.01494700	40.58000000
25281240	0.01495900	6.47000000	0.01494700	40.58000000
25281240	0.01514500	670.65000000	0.01511000	4.71000000
25281240	0.01514500	670.65000000	0.01511000	4.71000000
25281240	0.01514500	670.65000000	0.01511000	1.71000000
25281240	0.01514500	670.65000000	0.01511000	1.71000000
25281240	0.01514500	670.65000000	0.01511000	1.71000000
25281240	0.01514500	595.96000000	0.01511000	1.71000000
25281240	0.01514500	595.96000000	0.01496600	645.61000000
25281240	0.01514500	595.96000000	0.01496800	428.77000000
25281240	0.01514500	577.21000000	0.01497000	497.37000000
25281240	0.01514500	570.29000000	0.01497200	497.99000000
25281240	0.01514500	570.29000000	0.01497400	497.93000000
25281241	0.01514500	570.29000000	0.01497800	497.82000000
25281241	0.01514500	570.29000000	0.01497800	497.82000000
25281241	0.01514500	570.29000000	0.01498000	497.73000000
25281241	0.01514500	570.29000000	0.01498200	375.13000000
25281241	0.01514500	549.82000000	0.01498200	375.13000000
25281241	0.01514500	507.74000000	0.01498400	497.49000000
25281241	0.01514500	438.11000000	0.01498600	263.54000000
25281241	0.01514500	390.12000000	0.01498700	497.50000000
25281241	0.01514500	382.23000000	0.01498900	16.72000000
25281241	0.01514500	347.39000000	0.01499200	496.70000000
25281241	0.01514500	347.39000000	0.01499200	496.70000000
25281241	0.01514500	339.36000000	0.01499500	147.14000000
25281241	0.01514500	339.36000000	0.01499600	495.91000000
25281241	0.01514500	339.36000000	0.01499600	495.91000000
25281241	0.01514500	339.36000000	0.01499800	430.77000000
25281241	0.01514500	339.36000000	0.01499800	430.77000000
25281241	0.01514500	339.36000000	0.01500000	495.13000000
25281241	0.01514500	339.36000000	0.01500000	495.13000000
25281241	0.01514500	309.69000000	0.01500200	496.77000000
25281241	0.01519400	101.54000000	0.01514500	21.00000000
25281241	0.01519400	101.54000000	0.01514500	122.54000000
25281241	0.01519400	55.19000000	0.01514800	61.80000000
25281241	0.01519400	36.62000000	0.01514900	23.53000000
25281241	0.01519400	13.22000000	0.01514700	13.24000000
25281241	0.01514700	13.00000000	0.01500700	496.63000000
25281241	0.01514700	1.01000000	0.01500900	495.48000000
25281241	0.01514700	1.01000000	0.01501300	495.04000000
25281241	0.01514700	1.01000000	0.01501300	491.04000000
25281241	0.01519300	10.36000000	0.01501500	496.25000000
25281241	0.01519300	10.36000000	0.01501900	491.25000000
25281241	0.01519300	10.36000000	0.01501900	491.25000000
25281241	0.01519300	10.36000000	0.01502100	496.07000000
25281241	0.01519300	10.36000000	0.01502300	496.00000000
25281241	0.01519300	10.36000000	0.01502400	495.97000000
25281241	0.01519300	10.36000000	0.01502400	495.97000000
25281241	0.01519300	10.36000000	0.01502700	495.80000000
25281241	0.01519400	13.22000000	0.01502900	495.65000000
25281241	0.01519400	13.22000000	0.01503300	150.34000000
25281241	0.01519400	13.22000000	0.01503400	495.57000000
25281241	0.01519400	13.22000000	0.01503500	10.46000000
25281241	0.01519300	10.16000000	0.01503500	135.58000000
25281241	0.01519300	10.16000000	0.01503600	117.32000000
25281241	0.01519300	10.16000000	0.01503600	117.32000000
25281241	0.01519300	10.16000000	0.01503600	117.32000000
25281241	0.01519300	10.16000000	0.01503700	15.96000000
25281241	0.01519300	10.16000000	0.01503700	15.96000000
25281241	0.01519300	10.16000000	0.01503700	15.96000000
25281241	0.01519200	19.02000000	0.01503700	15.96000000
25281241	0.01519200	19.02000000	0.01503700	11.96000000
25281241	0.01519100	10.16000000	0.01503700	11.96000000
25281241	0.01519400	148.80000000	0.01503600	107.53000000
25281241	0.01519400	4.96000000	0.01503700	136.01000000
25281241	0.01516300	10.58000000	0.01503800	35.60000000
25281241	0.01516300	10.58000000	0.01503800	135.38000000
25281241	0.01516300	10.58000000	0.01503900	135.99000000
25281241	0.01516200	8.02000000	0.01503900	135.99000000
25281242	0.01516200	19.66000000	0.01503900	124.35000000
25281242	0.01516200	19.66000000	0.01503900	124.35000000
25281242	0.01516200	155.24000000	0.01503900	124.35000000
25281242	0.01516200	135.58000000	0.01503900	124.35000000
25281242	0.01516100	19.66000000	0.01503900	124.35000000
25281242	0.01516000	15.80000000	0.01503900	124.35000000
25281242	0.01515900	19.66000000	0.01503900	124.35000000
25281242	0.01515900	19.66000000	0.01503900	118.85000000
25281242	0.01515900	144.01000000	0.01503400	32.11000000
25281242	0.01515900	144.01000000	0.01503400	32.11000000
25281242	0.01503800	38.47000000	0.01503400	32.11000000
25281242	0.01503800	38.47000000	0.01502000	40.36000000
25281242	0.01503700	144.01000000	0.01502000	40.36000000
25281242	0.01503700	144.01000000	0.01502000	40.36000000
25281242	0.01503600	15.80000000	0.01502000	40.36000000
25281242	0.01503700	135.27000000	0.01502000	33.32000000
25281242	0.01503700	135.27000000	0.01502000	29.32000000
25281242	0.01503700	135.27000000	0.01502000	29.32000000
25281242	0.01503700	135.27000000	0.01502000	14.32000000
25281242	0.01503700	124.31000000	0.01502000	14.32000000
25281242	0.01503700	108.00000000	0.01502000	14.32000000
25281242	0.01503700	100.31000000	0.01502000	14.32000000
25281242	0.01503700	89.53000000	0.01502000	14.32000000
25281242	0.01503700	89.53000000	0.01502000	11.32000000
25281242	0.01503700	89.53000000	0.01502000	11.32000000
25281242	0.01503700	89.53000000	0.01502000	11.32000000
25281242	0.01503700	89.53000000	0.01502000	11.32000000
25281242	0.01503700	89.53000000	0.01502000	11.32000000
25281242	0.01503700	89.53000000	0.01502000	11.32000000
25281242	0.01503700	89.53000000	0.01502000	11.32000000
25281242	0.01516200	13.46000000	0.01502000	11.32000000
25281242	0.01516100	21.85000000	0.01502000	11.32000000
25281242	0.01516100	21.85000000	0.01502000	11.32000000
25281242	0.01516100	21.85000000	0.01502000	11.32000000
25281242	0.01516100	21.85000000	0.01502000	11.32000000
25281242	0.01516100	21.85000000	0.01502000	11.32000000
25281242	0.01516100	21.85000000	0.01502000	9.32000000
25281242	0.01510000	146.50000000	0.01502000	9.32000000
25281242	0.01510000	146.50000000	0.01502000	9.32000000
25281242	0.01508500	10.58000000	0.01502000	9.32000000
25281242	0.01508400	13.46000000	0.01502000	9.32000000
25281242	0.01508400	13.46000000	0.01502000	9.32000000
25281242	0.01508400	13.46000000	0.01502000	9.32000000
25281242	0.01508300	21.85000000	0.01502000	9.32000000
25281242	0.01508300	21.85000000	0.01502000	9.32000000
25281242	0.01508300	21.85000000	0.01502000	9.32000000
25281242	0.01508300	21.85000000	0.01496400	497.45000000
25281242	0.01508300	21.85000000	0.01496600	494.91000000
25281242	0.01508300	0.05000000	0.01497000	497.11000000
25281242	0.01508400	2.85000000	0.01497000	497.11000000
25281242	0.01508400	2.85000000	0.01497400	496.98000000
25281242	0.01508500	8.19000000	0.01497600	496.91000000
25281242	0.01516100	135.58000000	0.01508500	64.26000000
25281242	0.01516100	135.58000000	0.01508500	64.26000000
25281242	0.01516100	135.58000000	0.01508700	64.26000000
25281242	0.01518500	3.14000000	0.01508700	64.26000000
25281243	0.01518500	3.14000000	0.01508800	146.96000000
25281243	0.01518500	3.14000000	0.01508900	55.54000000
25281243	0.01518500	3.14000000	0.01509000	17.33000000
25281243	0.01518500	3.14000000	0.01509000	17.33000000
25281243	0.01518500	3.14000000	0.01508500	17.33000000
25281243	0.01518500	3.14000000	0.01508500	17.33000000
25281243	0.01518500	3.14000000	0.01508500	17.33000000
25281243	0.01518500	3.14000000	0.01508500	146.53000000
25281243	0.01518500	3.14000000	0.01508500	146.53000000
25281243	0.01518500	3.14000000	0.01508600	146.98000000
25281243	0.01518500	3.14000000	0.01508600	146.98000000
25281243	0.01518500	0.14000000	0.01508600	146.98000000
25281243	0.01518500	0.14000000	0.01508600	140.98000000
25281243	0.01518500	6.14000000	0.01508700	242.13000000
25281243	0.01518500	6.00000000	0.01508800	493.04000000
25281243	0.01518500	6.00000000	0.01509000	346.95000000
25281243	0.01518500	6.00000000	0.01509100	492.89000000
25281243	0.01518500	6.00000000	0.01510600	35.88000000
25281243	0.01518500	4.00000000	0.01510700	140.79000000
25281243	0.01518500	4.00000000	0.01510700	142.80000000
25281243	0.01518500	4.00000000	0.01510700	142.80000000
25281243	0.01518500	4.00000000	0.01512200	18.80000000
25281243	0.01518500	4.00000000	0.01510800	7.09000000
25281243	0.01518500	4.00000000	0.01510800	7.09000000
25281243	0.01518500	4.00000000	0.01508500	187.04000000
25281243	0.01518500	4.00000000	0.01508600	143.00000000
25281243	0.01518500	4.00000000	0.01508700	187.04000000
25281243	0.01518500	4.00000000	0.01509000	172.41000000
25281243	0.01518500	4.00000000	0.01509100	315.38000000
25281243	0.01518500	4.00000000	0.01509100	322.10000000
25281243	0.01518500	4.00000000	0.01509100	179.15000000
25281243	0.01518500	66.51000000	0.01509200	142.94000000
25281243	0.01518400	39.00000000	0.01508900	9.36000000
25281243	0.01518400	39.00000000	0.01509100	163.86000000
25281243	0.01518400	39.00000000	0.01509100	385.89000000
25281243	0.01518400	39.00000000	0.01510600	23.26000000
25281243	0.01518400	39.00000000	0.01509100	163.86000000
25281243	0.01518400	39.00000000	0.01509100	302.11000000
25281243	0.01518400	39.00000000	0.01509100	302.11000000
25281243	0.01518400	39.00000000	0.01509100	139.92000000
25281243	0.01518400	39.00000000	0.01509100	139.92000000
25281243	0.01518400	39.00000000	0.01509100	124.92000000
25281243	0.01518400	39.00000000	0.01508400	2.39000000
25281243	0.01518400	39.00000000	0.01508400	2.39000000
25281243	0.01518400	39.00000000	0.01508400	2.39000000
25281243	0.01518400	39.00000000	0.01503600	11.50000000
25281243	0.01518400	39.00000000	0.01503400	3.05000000
25281244	0.01518400	39.00000000	0.01503400	3.05000000
25281244	0.01518300	135.58000000	0.01503400	3.05000000
25281244	0.01518200	157.81000000	0.01503400	3.05000000
25281244	0.01518200	157.81000000	0.01503400	3.05000000
25281244	0.01518100	39.00000000	0.01512200	1.38000000
25281244	0.01518100	39.00000000	0.01512200	1.38000000
25281244	0.01518100	39.00000000	0.01512200	1.38000000
25281244	0.01518100	39.00000000	0.01498400	50.84000000
25281244	0.01518100	39.00000000	0.01498500	16.46000000
25281244	0.01512200	2.00000000	0.01498500	16.46000000
25281244	0.01512200	2.00000000	0.01498500	51.76000000
25281244	0.01512200	2.00000000	0.01498500	51.76000000
25281244	0.01512200	21.00000000	0.01498500	51.76000000
25281244	0.01512200	21.00000000	0.01498500	51.76000000
25281244	0.01512200	21.00000000	0.01498500	51.76000000
25281244	0.01512200	21.00000000	0.01498500	51.76000000
25281244	0.01512200	156.58000000	0.01498500	51.76000000
25281244	0.01512100	39.00000000	0.01498500	51.76000000
25281244	0.01512100	15.74000000	0.01498800	495.68000000
25281244	0.01512100	15.74000000	0.01498800	495.68000000
25281244	0.01512100	15.74000000	0.01499000	495.61000000
25281244	0.01512100	15.74000000	0.01499000	495.61000000
25281244	0.01512100	12.43000000	0.01499100	15.68000000
25281244	0.01512100	12.43000000	0.01499100	15.68000000
25281244	0.01512100	12.43000000	0.01499300	20.03000000
25281244	0.01512100	12.43000000	0.01499300	20.03000000
25281244	0.01512100	11.62000000	0.01499300	20.03000000
25281244	0.01512100	11.62000000	0.01499300	20.03000000
25281244	0.01512100	11.62000000	0.01499300	20.03000000
25281244	0.01512100	11.62000000	0.01499300	20.03000000
25281244	0.01512100	11.62000000	0.01499300	20.03000000
25281244	0.01512100	11.62000000	0.01499300	20.03000000
25281244	0.01512100	11.62000000	0.01499300	20.03000000
25281244	0.01512100	11.62000000	0.01499300	20.03000000
25281244	0.01512100	11.62000000	0.01496100	414.30000000
25281244	0.01512100	11.62000000	0.01496200	16.06000000
25281244	0.01512100	11.62000000	0.01496400	19.90000000
25281244	0.01512100	11.62000000	0.01496500	18.00000000
25281244	0.01512100	11.62000000	0.01496500	18.00000000
25281244	0.01512100	11.62000000	0.01496700	400.81000000
25281244	0.01512100	11.62000000	0.01496700	400.81000000
25281244	0.01512100	11.62000000	0.01496900	453.90000000
25281244	0.01512100	11.62000000	0.01496900	468.59000000
25281244	0.01512100	11.62000000	0.01497000	91.50000000
25281244	0.01512100	11.62000000	0.01497100	19.79000000
25281244	0.01512100	11.62000000	0.01497100	19.79000000
25281244	0.01512100	11.62000000	0.01497200	62.68000000
25281244	0.01512100	11.62000000	0.01497300	19.88000000
25281244	0.01512100	11.62000000	0.01497300	19.88000000
25281244	0.01512100	11.62000000	0.01497400	77.42000000
25281244	0.01512100	11.62000000	0.01497500	14.68000000
25281244	0.01512100	11.62000000	0.01497800	496.69000000
25281245	0.01512100	11.62000000	0.01498200	465.98000000
25281245	0.01512100	11.62000000	0.01498200	465.98000000
25281245	0.01512100	11.62000000	0.01498200	465.98000000
25281245	0.01512100	11.62000000	0.01498200	465.98000000
25281245	0.01512100	11.62000000	0.01498400	474.94000000
25281245	0.01512100	11.62000000	0.01498300	59.12000000
25281245	0.01512100	11.62000000	0.01498100	18.00000000
25281245	0.01512100	11.62000000	0.01498200	356.21000000
25281245	0.01512200	102.07000000	0.01498200	356.21000000
25281245	0.01512200	102.07000000	0.01498300	148.08000000
25281245	0.01518400	9.00000000	0.01498300	148.08000000
25281245	0.01518400	9.00000000	0.01498400	487.63000000
25281245	0.01518400	9.00000000	0.01498600	487.63000000
25281245	0.01518400	9.00000000	0.01498600	487.63000000
25281245	0.01518300	157.81000000	0.01498600	522.92000000
25281245	0.01518300	157.81000000	0.01498900	563.91000000
25281245	0.01518300	157.81000000	0.01499000	15.57000000
25281245	0.01518300	157.81000000	0.01499000	15.57000000
25281245	0.01518300	157.81000000	0.01499100	148.01000000
25281245	0.01518300	157.81000000	0.01499200	33.43000000
25281245	0.01518300	166.81000000	0.01499200	33.43000000
25281245	0.01518300	166.81000000	0.01499300	147.99000000
25281245	0.01518200	135.58000000	0.01499400	20.36000000
25281245	0.01518200	135.58000000	0.01499400	20.36000000
25281245	0.01518200	135.58000000	0.01499600	17.69000000
25281245	0.01518200	135.58000000	0.01499600	17.69000000
25281245	0.01518200	135.58000000	0.01499700	147.95000000
25281245	0.01518200	135.58000000	0.01499900	162.20000000
25281245	0.01518200	135.58000000	0.01499900	162.20000000
25281245	0.01518200	135.58000000	0.01500000	147.92000000
25281245	0.01518100	157.81000000	0.01500000	147.92000000
25281245	0.01518100	157.81000000	0.01500200	16.00000000
25281245	0.01518100	157.81000000	0.01500200	16.00000000
25281245	0.01518100	157.81000000	0.01500500	147.87000000
25281245	0.01518100	157.81000000	0.01500500	147.87000000
25281245	0.01518100	157.81000000	0.01500600	27.48000000
25281245	0.01518100	157.81000000	0.01500600	27.48000000
25281245	0.01518100	157.81000000	0.01500700	147.85000000
25281245	0.01518000	135.58000000	0.01500700	147.85000000
25281245	0.01518000	135.58000000	0.01500800	18.00000000
25281245	0.01518000	135.58000000	0.01500900	147.83000000
25281245	0.01518000	135.58000000	0.01500900	147.83000000
25281245	0.01518000	135.58000000	0.01501000	15.99000000
25281245	0.01518000	135.58000000	0.01501100	147.81000000
25281245	0.01518000	135.58000000	0.01501100	147.81000000
25281245	0.01517900	157.81000000	0.01501100	147.81000000
25281245	0.01517900	157.81000000	0.01501100	147.81000000
25281245	0.01517900	157.81000000	0.01501100	147.81000000
25281245	0.01517900	157.81000000	0.01501100	147.81000000
25281245	0.01517900	157.81000000	0.01501100	147.81000000
25281245	0.01517800	135.58000000	0.01501200	13.46000000
25281245	0.01517800	135.58000000	0.01501200	13.46000000
25281245	0.01517800	135.58000000	0.01501400	147.78000000
25281246	0.01517800	133.73000000	0.01501500	33.73000000
25281246	0.01517800	133.73000000	0.01501500	33.73000000
25281246	0.01517800	133.73000000	0.01501700	14.13000000
25281246	0.01517800	133.73000000	0.01501700	14.13000000
25281246	0.01517800	133.73000000	0.01501800	147.74000000
25281246	0.01517800	133.73000000	0.01501900	158.19000000
25281246	0.01517800	133.73000000	0.01501900	158.19000000
25281246	0.01517800	133.73000000	0.01502000	147.72000000
25281246	0.01517700	157.81000000	0.01502500	234.13000000
25281246	0.01517700	157.81000000	0.01502500	234.13000000
25281246	0.01517700	157.81000000	0.01502600	165.65000000
25281246	0.01517700	157.81000000	0.01502600	17.99000000
25281246	0.01517700	157.81000000	0.01502800	15.57000000
25281246	0.01517700	157.81000000	0.01502900	18.00000000
25281246	0.01517700	157.81000000	0.01502900	18.00000000
25281246	0.01517700	157.81000000	0.01503100	147.61000000
25281246	0.01517600	135.58000000	0.01503200	15.03000000
25281246	0.01517600	135.58000000	0.01503200	15.03000000
25281246	0.01517600	135.58000000	0.01503300	18.00000000
25281246	0.01517600	135.58000000	0.01503400	147.58000000
25281246	0.01517600	135.58000000	0.01503400	147.58000000
25281246	0.01517600	135.58000000	0.01503500	142.19000000
25281246	0.01516100	3.55000000	0.01503500	142.19000000
25281246	0.01516100	3.55000000	0.01503600	147.56000000
25281246	0.01516100	3.55000000	0.01503700	18.00000000
25281246	0.01516100	3.55000000	0.01503700	18.00000000
25281246	0.01516100	3.55000000	0.01503800	147.54000000
25281246	0.01516100	3.55000000	0.01503800	147.54000000
25281246	0.01516100	3.55000000	0.01503900	18.00000000
25281246	0.01516100	3.55000000	0.01503900	18.00000000
25281246	0.01516100	3.55000000	0.01504000	147.52000000
25281246	0.01516100	3.55000000	0.01504000	147.52000000
25281246	0.01516100	3.55000000	0.01504100	19.62000000
25281246	0.01516100	3.55000000	0.01504100	19.62000000
25281246	0.01516100	3.55000000	0.01504300	19.26000000
25281246	0.01516100	3.55000000	0.01504300	19.26000000
25281246	0.01516100	3.55000000	0.01504300	19.26000000
25281246	0.01516100	3.55000000	0.01504400	147.48000000
25281246	0.01516100	3.55000000	0.01504500	15.96000000
25281246	0.01516100	3.55000000	0.01504600	143.84000000
25281246	0.01516100	3.55000000	0.01504600	143.84000000
25281246	0.01516100	3.55000000	0.01504600	143.84000000
25281246	0.01516100	3.55000000	0.01504600	24.93000000
25281246	0.01516100	3.55000000	0.01504500	15.96000000
25281246	0.01511700	7.13000000	0.01503500	142.19000000
25281246	0.01511700	7.13000000	0.01503500	142.19000000
25281246	0.01511700	7.13000000	0.01503500	142.19000000
