25281237	0.00496400	11.00000000	0.00491900	49.97000000
25281237	0.00496400	11.00000000	0.00491900	49.97000000
25281238	0.00496400	11.00000000	0.00491900	49.97000000
25281238	0.00496400	11.00000000	0.00491900	49.97000000
25281238	0.00493000	11.97000000	0.00491900	49.97000000
25281238	0.00493000	11.97000000	0.00491900	49.97000000
25281238	0.00493000	11.97000000	0.00491900	49.97000000
25281238	0.00493000	11.97000000	0.00491900	49.97000000
25281238	0.00493000	11.97000000	0.00491900	49.97000000
25281238	0.00493000	11.97000000	0.00492100	341.82000000
25281238	0.00493000	11.97000000	0.00492100	341.82000000
25281238	0.00493000	11.97000000	0.00492100	341.82000000
25281238	0.00496400	11.00000000	0.00492100	341.82000000
25281238	0.00496400	11.00000000	0.00492200	101.37000000
25281238	0.00496400	11.00000000	0.00492300	49.93000000
25281238	0.00496400	11.00000000	0.00492300	49.93000000
25281238	0.00496400	11.00000000	0.00492300	49.93000000
25281238	0.00496400	22.97000000	0.00492300	49.93000000
25281238	0.00496400	22.97000000	0.00492300	49.93000000
25281238	0.00496400	22.97000000	0.00492300	49.93000000
25281238	0.00496400	22.97000000	0.00492300	49.93000000
25281238	0.00496400	22.97000000	0.00495500	97.31000000
25281238	0.00496400	22.97000000	0.00492300	49.93000000
25281238	0.00496400	22.97000000	0.00492400	435.69000000
25281238	0.00496400	22.97000000	0.00492400	435.69000000
25281239	0.00496400	22.97000000	0.00492400	840.90000000
25281239	0.00496400	22.97000000	0.00492500	49.84000000
25281239	0.00496400	22.97000000	0.00492600	103.93000000
25281239	0.00496400	22.97000000	0.00492500	91.45000000
25281239	0.00496400	22.97000000	0.00492500	91.45000000
25281239	0.00496400	22.97000000	0.00493000	2015.58000000
25281239	0.00496400	22.97000000	0.00493100	341.63000000
25281239	0.00496400	22.97000000	0.00493100	341.63000000
25281239	0.00496400	22.97000000	0.00493200	49.77000000
25281239	0.00496400	22.97000000	0.00493200	49.77000000
25281239	0.00496400	22.97000000	0.00493200	49.77000000
25281239	0.00496400	22.97000000	0.00493300	101.14000000
25281239	0.00496400	22.97000000	0.00493300	814.62000000
25281239	0.00496400	22.97000000	0.00493300	814.62000000
25281239	0.00496400	22.97000000	0.00493400	49.75000000
25281239	0.00496400	22.97000000	0.00493400	49.75000000
25281239	0.00496400	22.97000000	0.00493500	341.58000000
25281239	0.00496400	22.97000000	0.00493500	341.58000000
25281239	0.00496400	22.97000000	0.00493500	341.58000000
25281239	0.00496400	22.97000000	0.00493500	341.58000000
25281239	0.00496400	22.97000000	0.00493600	49.73000000
25281239	0.00496400	22.97000000	0.00493600	150.81000000
25281239	0.00496400	22.97000000	0.00493700	49.72000000
25281239	0.00496400	22.97000000	0.00493700	49.72000000
25281239	0.00496400	22.97000000	0.00493700	49.72000000
25281239	0.00497000	403.22000000	0.00496900	76.36000000
25281239	0.00497000	403.22000000	0.00496900	76.36000000
25281239	0.00497000	403.22000000	0.00496900	76.36000000
25281239	0.00497000	403.22000000	0.00496900	76.36000000
25281239	0.00497000	403.22000000	0.00496900	76.36000000
25281239	0.00499900	6.53000000	0.00497000	2499.67000000
25281239	0.00499900	6.53000000	0.00497000	2421.27000000
25281239	0.00499900	6.53000000	0.00497000	2421.27000000
25281239	0.00499900	6.53000000	0.00497000	2421.27000000
25281239	0.00499900	6.53000000	0.00497000	2421.27000000
25281239	0.00499900	6.53000000	0.00497000	2421.27000000
25281239	0.00499900	6.53000000	0.00497000	2421.27000000
25281239	0.00499900	6.53000000	0.00497000	2421.27000000
25281239	0.00499900	6.53000000	0.00497000	2421.27000000
25281240	0.00499900	6.53000000	0.00497000	2421.27000000
25281240	0.00499900	6.53000000	0.00497000	2421.27000000
25281240	0.00499900	6.53000000	0.00497100	76.56000000
25281240	0.00499900	6.53000000	0.00497100	76.56000000
25281240	0.00499900	6.53000000	0.00497100	38.98000000
25281240	0.00499900	6.53000000	0.00497100	38.98000000
25281240	0.00499900	6.53000000	0.00497100	23.98000000
25281240	0.00499900	6.53000000	0.00497100	2.22000000
25281240	0.00499900	6.53000000	0.00497000	2421.27000000
25281240	0.00499900	6.53000000	0.00497000	2312.74000000
25281240	0.00499900	6.53000000	0.00497000	2206.70000000
25281240	0.00499600	19.04000000	0.00497000	2206.70000000
25281240	0.00499600	19.04000000	0.00497000	2206.70000000
25281240	0.00499600	19.04000000	0.00497000	2180.19000000
25281240	0.00499900	6.53000000	0.00497000	2180.19000000
25281240	0.00499900	6.53000000	0.00497000	2180.19000000
25281240	0.00499600	19.04000000	0.00497000	2175.19000000
25281241	0.00499600	19.04000000	0.00497000	2175.19000000
25281241	0.00499600	19.04000000	0.00497000	668.95000000
25281241	0.00499900	6.53000000	0.00497000	668.95000000
25281241	0.00499900	6.53000000	0.00497000	668.95000000
25281241	0.00499900	6.53000000	0.00497000	540.50000000
25281241	0.00499900	6.53000000	0.00497000	303.92000000
25281241	0.00499900	6.53000000	0.00497000	197.51000000
25281241	0.00499600	19.04000000	0.00497000	91.10000000
25281241	0.00499600	19.04000000	0.00497000	61.28000000
25281241	0.00499600	19.04000000	0.00497000	36.81000000
25281241	0.00499600	19.04000000	0.00497100	60.35000000
25281241	0.00499900	6.53000000	0.00497100	60.35000000
25281241	0.00499600	19.04000000	0.00497100	60.35000000
25281241	0.00499600	19.04000000	0.00497100	60.35000000
25281241	0.00499600	19.04000000	0.00497100	60.35000000
25281241	0.00499600	19.04000000	0.00497100	60.35000000
25281241	0.00499600	19.04000000	0.00497100	60.35000000
25281241	0.00499900	6.53000000	0.00497100	60.35000000
25281241	0.00499900	6.53000000	0.00497100	60.35000000
25281241	0.00499900	6.53000000	0.00497100	60.35000000
25281241	0.00499900	6.53000000	0.00497100	60.35000000
25281241	0.00499600	19.04000000	0.00497100	60.35000000
25281241	0.00499600	19.04000000	0.00497100	60.35000000
25281241	0.00499600	19.04000000	0.00497100	60.35000000
25281241	0.00499900	6.53000000	0.00497100	60.35000000
25281241	0.00499900	6.53000000	0.00497100	60.35000000
25281241	0.00499900	6.53000000	0.00497100	60.35000000
25281241	0.00499900	6.53000000	0.00497100	60.35000000
25281242	0.00499900	6.53000000	0.00497100	60.35000000
25281242	0.00499900	6.53000000	0.00497100	60.35000000
25281242	0.00499900	6.53000000	0.00497100	60.35000000
25281242	0.00499900	6.53000000	0.00497100	60.35000000
25281242	0.00499900	6.53000000	0.00497100	60.35000000
25281242	0.00499000	80.41000000	0.00497100	60.35000000
25281242	0.00499000	80.41000000	0.00497100	60.35000000
25281242	0.00499000	80.41000000	0.00497100	60.35000000
25281242	0.00499000	80.41000000	0.00497100	0.75000000
25281242	0.00499000	140.01000000	0.00497100	0.75000000
25281242	0.00499000	140.01000000	0.00497000	0.05000000
25281242	0.00499000	140.01000000	0.00495500	19.60000000
25281242	0.00499000	146.42000000	0.00495500	3.90000000
25281242	0.00499000	146.42000000	0.00491900	95.60000000
25281242	0.00499000	146.42000000	0.00492000	316.78000000
25281242	0.00499000	146.42000000	0.00492100	80.00000000
25281242	0.00499000	146.42000000	0.00492200	15.18000000
25281242	0.00499000	146.42000000	0.00492200	15.18000000
25281242	0.00499000	146.42000000	0.00492200	15.18000000
25281242	0.00499000	146.42000000	0.00492200	15.18000000
25281242	0.00499000	146.42000000	0.00492100	48.77000000
25281242	0.00499000	146.42000000	0.00492100	48.77000000
25281242	0.00499000	146.42000000	0.00492200	79.00000000
25281242	0.00499000	146.42000000	0.00492200	79.00000000
25281243	0.00499000	146.42000000	0.00492300	48.75000000
25281243	0.00499000	146.42000000	0.00492300	48.75000000
25281243	0.00499000	146.42000000	0.00492300	48.75000000
25281243	0.00499000	145.92000000	0.00492300	48.75000000
25281243	0.00499000	145.92000000	0.00492300	48.75000000
25281243	0.00499000	191.28000000	0.00492300	48.75000000
25281243	0.00499000	191.28000000	0.00492300	48.75000000
25281243	0.00499000	184.85000000	0.00492300	48.75000000
25281243	0.00499000	184.85000000	0.00492300	48.75000000
25281243	0.00499000	184.85000000	0.00492300	48.75000000
25281243	0.00498300	61.45000000	0.00492300	48.75000000
25281243	0.00498200	60.35000000	0.00492300	48.75000000
25281243	0.00498200	60.35000000	0.00492300	48.75000000
25281243	0.00498200	60.35000000	0.00492300	48.75000000
25281243	0.00498200	66.76000000	0.00492300	48.75000000
25281243	0.00498200	66.76000000	0.00492300	48.75000000
25281243	0.00498200	6.41000000	0.00492300	48.75000000
25281243	0.00498200	6.41000000	0.00492300	48.75000000
25281243	0.00498200	6.41000000	0.00492300	48.75000000
25281243	0.00498200	6.41000000	0.00492300	48.75000000
25281243	0.00497600	61.45000000	0.00492300	48.75000000
25281243	0.00497500	60.35000000	0.00492300	48.75000000
25281243	0.00497500	66.76000000	0.00492300	48.75000000
25281243	0.00497500	66.76000000	0.00492300	48.75000000
25281243	0.00497500	66.76000000	0.00492400	13.21000000
25281243	0.00497500	66.76000000	0.00492400	13.21000000
25281243	0.00497500	6.41000000	0.00492400	13.21000000
25281244	0.00497500	6.41000000	0.00492400	13.21000000
25281244	0.00497500	6.41000000	0.00492400	13.21000000
25281244	0.00496900	61.45000000	0.00492400	13.21000000
25281244	0.00496800	60.35000000	0.00492400	13.21000000
25281244	0.00496800	60.35000000	0.00491900	56.20000000
25281244	0.00496800	60.35000000	0.00492000	14.89000000
25281244	0.00496800	66.76000000	0.00492000	14.89000000
25281244	0.00496800	66.76000000	0.00492000	14.89000000
25281244	0.00496800	6.41000000	0.00492000	14.89000000
25281244	0.00496800	6.41000000	0.00492000	14.89000000
25281244	0.00496800	6.41000000	0.00492000	14.89000000
25281244	0.00496800	6.41000000	0.00492000	14.89000000
25281244	0.00496800	6.41000000	0.00492100	79.00000000
25281244	0.00496800	6.41000000	0.00492200	14.06000000
25281244	0.00496800	6.41000000	0.00492200	14.06000000
25281244	0.00496800	6.41000000	0.00492200	14.06000000
25281244	0.00496800	6.41000000	0.00492200	14.06000000
25281244	0.00496800	6.41000000	0.00492200	14.06000000
25281244	0.00496800	6.41000000	0.00492200	14.06000000
25281244	0.00496800	6.41000000	0.00492200	14.06000000
25281244	0.00496300	61.45000000	0.00492200	14.06000000
25281244	0.00496200	60.35000000	0.00491900	41.89000000
25281244	0.00496100	14.31000000	0.00491900	41.89000000
25281244	0.00496100	20.72000000	0.00491300	17.36000000
25281244	0.00496000	60.35000000	0.00491300	17.36000000
25281244	0.00495900	56.20000000	0.00491300	17.36000000
25281244	0.00495900	56.20000000	0.00491300	17.36000000
25281244	0.00495900	56.20000000	0.00491300	17.36000000
25281244	0.00495400	56.20000000	0.00491300	17.36000000
25281244	0.00495400	56.20000000	0.00491300	17.36000000
25281244	0.00495400	56.20000000	0.00491300	17.36000000
25281244	0.00495300	60.35000000	0.00491300	17.36000000
25281244	0.00494800	56.20000000	0.00491300	17.36000000
25281244	0.00494800	56.20000000	0.00491300	35.51000000
25281244	0.00494800	56.20000000	0.00491300	35.51000000
25281244	0.00494700	116.55000000	0.00491300	35.51000000
25281244	0.00494700	122.96000000	0.00491300	35.51000000
25281244	0.00494700	122.96000000	0.00491300	35.51000000
25281244	0.00494700	122.96000000	0.00491300	35.51000000
25281245	0.00494700	122.96000000	0.00491300	35.51000000
25281245	0.00494700	122.96000000	0.00491300	35.51000000
25281245	0.00494200	60.35000000	0.00491300	35.51000000
25281245	0.00494200	60.35000000	0.00491300	35.51000000
25281245	0.00494200	60.35000000	0.00491300	35.51000000
25281245	0.00494200	66.76000000	0.00491300	35.51000000
25281245	0.00494200	66.76000000	0.00491300	35.51000000
25281245	0.00494200	66.76000000	0.00491300	35.51000000
25281245	0.00494200	66.76000000	0.00491300	35.51000000
25281245	0.00494200	66.76000000	0.00491300	35.51000000
25281245	0.00494200	6.41000000	0.00491300	35.51000000
25281245	0.00494200	6.41000000	0.00491300	35.51000000
25281245	0.00493900	192.06000000	0.00491300	35.51000000
25281245	0.00493800	60.35000000	0.00491300	35.51000000
25281245	0.00493800	60.35000000	0.00491300	35.51000000
25281245	0.00493800	60.35000000	0.00491300	35.51000000
25281245	0.00493800	60.35000000	0.00491300	35.51000000
25281245	0.00494100	60.35000000	0.00491300	35.51000000
25281245	0.00494100	60.35000000	0.00491300	35.51000000
25281245	0.00493800	192.06000000	0.00491300	35.51000000
25281245	0.00493700	60.35000000	0.00491300	35.51000000
25281245	0.00493700	60.35000000	0.00491300	35.51000000
25281245	0.00493700	66.76000000	0.00491300	35.51000000
25281245	0.00493700	66.76000000	0.00491300	35.51000000
25281245	0.00493700	66.76000000	0.00491300	35.51000000
25281245	0.00493700	66.76000000	0.00491300	35.51000000
25281245	0.00493700	66.76000000	0.00491300	1.73000000
25281245	0.00493700	66.76000000	0.00491300	1.73000000
25281245	0.00493700	66.76000000	0.00491300	1.73000000
25281245	0.00493700	6.41000000	0.00491300	1.73000000
25281245	0.00493400	192.06000000	0.00491300	1.73000000
25281245	0.00493400	192.06000000	0.00491300	1.73000000
25281245	0.00493300	60.35000000	0.00491300	1.73000000
25281245	0.00493300	60.35000000	0.00491300	1.73000000
25281245	0.00493300	60.35000000	0.00491300	1.73000000
25281246	0.00493300	60.35000000	0.00491300	1.73000000
25281246	0.00493600	60.35000000	0.00491300	1.73000000
25281246	0.00493600	60.35000000	0.00491400	56.20000000
25281246	0.00493600	60.35000000	0.00491400	56.20000000
25281246	0.00493300	192.06000000	0.00491400	56.20000000
25281246	0.00493300	252.41000000	0.00491300	1.73000000
25281246	0.00493300	252.41000000	0.00491300	1.73000000
25281246	0.00493300	252.41000000	0.00491300	1.73000000
25281246	0.00493300	252.41000000	0.00491300	1.73000000
25281246	0.00493300	252.41000000	0.00491300	1.73000000
25281246	0.00493300	252.41000000	0.00491300	1.73000000
25281246	0.00493300	252.41000000	0.00491300	1.73000000
25281246	0.00493200	56.20000000	0.00491300	1.73000000
25281246	0.00493200	116.55000000	0.00491300	1.73000000
25281246	0.00493200	116.55000000	0.00491300	1.73000000
25281246	0.00493200	116.55000000	0.00491300	1.73000000
25281246	0.00493200	116.55000000	0.00491300	1.73000000
25281246	0.00493200	122.96000000	0.00491300	1.73000000
25281246	0.00493200	122.96000000	0.00491300	1.73000000
25281246	0.00493000	192.06000000	0.00491300	1.73000000
25281246	0.00492700	56.20000000	0.00491300	1.73000000
25281246	0.00492700	56.20000000	0.00491300	1.73000000
25281246	0.00492700	56.20000000	0.00491300	1.73000000
25281246	0.00492700	56.20000000	0.00491300	1.73000000
25281246	0.00492700	56.20000000	0.00491300	1.73000000
25281246	0.00492700	56.20000000	0.00491300	1.73000000
25281246	0.00492700	62.61000000	0.00491300	1.73000000
25281246	0.00492700	62.61000000	0.00491300	1.73000000
25281246	0.00492700	62.61000000	0.00491300	1.73000000
25281246	0.00492500	192.06000000	0.00491300	1.73000000
25281246	0.00492500	192.06000000	0.00491300	1.73000000
25281246	0.00492700	62.61000000	0.00491300	1.73000000
25281246	0.00492700	62.61000000	0.00491000	37.71000000
25281246	0.00491000	2.09000000	0.00490300	30.84000000
25281246	0.00490900	192.06000000	0.00490300	30.84000000
25281246	0.00490900	192.06000000	0.00490300	30.84000000
25281246	0.00490900	192.06000000	0.00490300	30.84000000
