25281237	0.00260696	191.00000000	0.00259002	23.00000000
25281237	0.00260696	191.00000000	0.00259002	23.00000000
25281237	0.00260694	191.00000000	0.00259002	23.00000000
25281237	0.00260693	300.00000000	0.00259002	23.00000000
25281238	0.00260693	376.00000000	0.00259002	23.00000000
25281238	0.00260691	57.00000000	0.00259002	23.00000000
25281238	0.00260690	191.00000000	0.00259002	23.00000000
25281238	0.00260689	292.00000000	0.00259002	23.00000000
25281238	0.00259000	106.00000000	0.00258955	74.00000000
25281238	0.00259000	106.00000000	0.00258955	74.00000000
25281238	0.00259000	106.00000000	0.00258955	74.00000000
25281238	0.00259000	106.00000000	0.00258955	74.00000000
25281238	0.00259000	123.00000000	0.00258955	74.00000000
25281238	0.00259000	123.00000000	0.00258955	74.00000000
25281238	0.00259000	123.00000000	0.00258955	74.00000000
25281238	0.00259000	142.00000000	0.00258955	74.00000000
25281238	0.00259000	142.00000000	0.00258955	74.00000000
25281238	0.00259000	142.00000000	0.00258955	74.00000000
25281238	0.00259000	141.00000000	0.00258955	74.00000000
25281238	0.00259000	141.00000000	0.00258955	74.00000000
25281238	0.00259000	141.00000000	0.00258955	74.00000000
25281238	0.00259000	141.00000000	0.00258955	74.00000000
25281238	0.00259000	141.00000000	0.00258955	74.00000000
25281238	0.00259000	141.00000000	0.00258955	74.00000000
25281238	0.00259000	130.00000000	0.00258955	74.00000000
25281238	0.00259000	130.00000000	0.00258955	74.00000000
25281238	0.00259000	110.00000000	0.00258955	74.00000000
25281238	0.00259000	110.00000000	0.00258955	74.00000000
25281238	0.00259000	110.00000000	0.00258955	74.00000000
25281238	0.00259000	110.00000000	0.00258955	74.00000000
25281238	0.00259000	16.00000000	0.00258955	43.00000000
25281238	0.00259000	16.00000000	0.00258955	43.00000000
25281238	0.00259000	16.00000000	0.00258955	43.00000000
25281238	0.00259000	16.00000000	0.00258955	43.00000000
25281238	0.00259000	16.00000000	0.00258955	43.00000000
25281238	0.00259000	16.00000000	0.00258955	43.00000000
25281238	0.00259000	16.00000000	0.00258955	43.00000000
25281238	0.00259000	16.00000000	0.00258955	43.00000000
25281238	0.00259000	16.00000000	0.00258955	43.00000000
25281238	0.00259000	16.00000000	0.00258955	43.00000000
25281238	0.00259000	16.00000000	0.00258955	43.00000000
25281238	0.00259000	16.00000000	0.00258955	43.00000000
25281239	0.00259000	16.00000000	0.00258955	43.00000000
25281239	0.00259000	16.00000000	0.00258955	43.00000000
25281239	0.00259000	16.00000000	0.00258955	43.00000000
25281239	0.00259000	16.00000000	0.00258955	43.00000000
25281239	0.00259000	16.00000000	0.00258955	43.00000000
25281239	0.00259000	16.00000000	0.00258900	712.00000000
25281239	0.00259000	16.00000000	0.00258900	712.00000000
25281239	0.00259000	16.00000000	0.00258900	712.00000000
25281239	0.00259000	16.00000000	0.00258900	712.00000000
25281239	0.00259000	16.00000000	0.00258900	712.00000000
25281239	0.00259000	16.00000000	0.00258900	712.00000000
25281239	0.00259000	16.00000000	0.00258900	712.00000000
25281239	0.00259000	16.00000000	0.00258900	712.00000000
25281239	0.00259000	16.00000000	0.00258900	712.00000000
25281239	0.00259000	16.00000000	0.00258900	712.00000000
25281239	0.00259000	16.00000000	0.00258900	712.00000000
25281239	0.00259000	16.00000000	0.00258900	712.00000000
25281239	0.00259000	16.00000000	0.00258900	712.00000000
25281239	0.00259000	16.00000000	0.00258900	712.00000000
25281239	0.00259000	16.00000000	0.00258900	712.00000000
25281239	0.00259000	16.00000000	0.00258900	712.00000000
25281239	0.00259000	16.00000000	0.00258900	712.00000000
25281239	0.00259000	16.00000000	0.00258900	712.00000000
25281239	0.00259000	16.00000000	0.00258900	712.00000000
25281239	0.00259000	16.00000000	0.00258900	712.00000000
25281239	0.00259000	16.00000000	0.00258900	712.00000000
25281239	0.00259000	16.00000000	0.00258900	712.00000000
25281239	0.00259000	16.00000000	0.00258900	712.00000000
25281240	0.00259000	16.00000000	0.00258900	712.00000000
25281240	0.00259000	16.00000000	0.00258900	712.00000000
25281240	0.00259000	16.00000000	0.00258900	712.00000000
25281240	0.00259000	16.00000000	0.00258900	712.00000000
25281240	0.00259000	16.00000000	0.00258900	712.00000000
25281240	0.00259000	16.00000000	0.00258900	712.00000000
25281240	0.00259000	16.00000000	0.00258900	712.00000000
25281240	0.00259000	16.00000000	0.00258900	712.00000000
25281240	0.00259000	16.00000000	0.00258900	712.00000000
25281240	0.00259000	16.00000000	0.00258900	712.00000000
25281240	0.00259000	16.00000000	0.00258900	712.00000000
25281240	0.00259000	16.00000000	0.00258900	712.00000000
25281240	0.00259000	16.00000000	0.00258900	712.00000000
25281240	0.00259000	16.00000000	0.00258900	712.00000000
25281240	0.00259000	16.00000000	0.00258900	712.00000000
25281240	0.00259000	16.00000000	0.00258900	712.00000000
25281240	0.00259000	16.00000000	0.00258900	712.00000000
25281240	0.00259000	16.00000000	0.00258900	712.00000000
25281240	0.00259000	16.00000000	0.00258900	712.00000000
25281240	0.00259000	16.00000000	0.00258900	712.00000000
25281240	0.00259000	16.00000000	0.00258900	712.00000000
25281240	0.00259000	16.00000000	0.00258900	712.00000000
25281240	0.00259000	16.00000000	0.00258900	712.00000000
25281240	0.00259000	16.00000000	0.00258900	712.00000000
25281240	0.00259000	16.00000000	0.00258900	712.00000000
25281240	0.00259000	16.00000000	0.00258900	712.00000000
25281240	0.00259000	16.00000000	0.00258900	712.00000000
25281240	0.00259000	16.00000000	0.00258900	712.00000000
25281240	0.00259000	16.00000000	0.00258900	712.00000000
25281240	0.00259000	16.00000000	0.00258900	712.00000000
25281240	0.00259000	16.00000000	0.00258900	712.00000000
25281240	0.00259000	16.00000000	0.00258900	712.00000000
25281240	0.00259000	16.00000000	0.00258900	712.00000000
25281240	0.00259000	16.00000000	0.00258900	712.00000000
25281241	0.00259000	16.00000000	0.00258900	712.00000000
25281241	0.00259000	16.00000000	0.00258900	812.00000000
25281241	0.00259000	16.00000000	0.00258900	812.00000000
25281241	0.00259000	16.00000000	0.00258900	812.00000000
25281241	0.00259000	16.00000000	0.00258900	812.00000000
25281241	0.00259000	16.00000000	0.00258900	812.00000000
25281241	0.00259000	16.00000000	0.00258900	812.00000000
25281241	0.00259000	16.00000000	0.00258900	812.00000000
25281241	0.00259000	16.00000000	0.00258900	812.00000000
25281241	0.00259000	16.00000000	0.00258900	812.00000000
25281241	0.00259000	16.00000000	0.00258900	812.00000000
25281241	0.00259000	16.00000000	0.00258900	812.00000000
25281241	0.00259000	16.00000000	0.00258900	812.00000000
25281241	0.00259000	16.00000000	0.00258900	812.00000000
25281241	0.00259000	16.00000000	0.00258900	812.00000000
25281241	0.00259000	16.00000000	0.00258900	812.00000000
25281241	0.00259000	16.00000000	0.00258900	812.00000000
25281242	0.00259000	16.00000000	0.00258900	812.00000000
25281242	0.00259000	16.00000000	0.00258900	812.00000000
25281242	0.00259000	16.00000000	0.00258900	812.00000000
25281242	0.00259000	16.00000000	0.00258900	812.00000000
25281242	0.00259000	16.00000000	0.00258900	812.00000000
25281242	0.00259000	16.00000000	0.00258900	812.00000000
25281242	0.00259000	16.00000000	0.00258900	812.00000000
25281242	0.00259000	16.00000000	0.00258900	812.00000000
25281242	0.00259000	16.00000000	0.00258900	812.00000000
25281242	0.00259000	16.00000000	0.00258900	812.00000000
25281242	0.00259000	16.00000000	0.00258900	812.00000000
25281242	0.00259000	16.00000000	0.00258900	812.00000000
25281243	0.00259000	16.00000000	0.00258900	812.00000000
25281243	0.00259000	16.00000000	0.00258900	812.00000000
25281243	0.00259000	16.00000000	0.00258900	812.00000000
25281243	0.00259000	16.00000000	0.00258900	812.00000000
25281243	0.00259000	16.00000000	0.00258900	812.00000000
25281243	0.00259000	16.00000000	0.00258950	13.00000000
25281243	0.00259000	16.00000000	0.00258950	13.00000000
25281243	0.00259000	16.00000000	0.00258950	13.00000000
25281243	0.00259000	16.00000000	0.00258950	13.00000000
25281243	0.00259000	16.00000000	0.00258950	13.00000000
25281243	0.00259000	16.00000000	0.00258950	13.00000000
25281243	0.00259000	16.00000000	0.00258950	13.00000000
25281243	0.00259000	16.00000000	0.00258950	13.00000000
25281243	0.00259000	16.00000000	0.00258950	13.00000000
25281243	0.00259000	16.00000000	0.00258950	13.00000000
25281243	0.00259000	16.00000000	0.00258950	13.00000000
25281243	0.00259000	16.00000000	0.00258950	13.00000000
25281243	0.00259000	8.00000000	0.00258950	13.00000000
25281243	0.00259000	8.00000000	0.00258950	13.00000000
25281243	0.00259000	8.00000000	0.00258950	13.00000000
25281243	0.00259000	8.00000000	0.00258950	13.00000000
25281243	0.00259000	8.00000000	0.00258950	13.00000000
25281243	0.00259000	8.00000000	0.00258950	13.00000000
25281243	0.00259000	8.00000000	0.00258950	13.00000000
25281243	0.00259000	8.00000000	0.00258950	13.00000000
25281243	0.00259000	8.00000000	0.00258950	13.00000000
25281243	0.00259000	8.00000000	0.00258950	13.00000000
25281243	0.00259622	57.00000000	0.00259000	1423.00000000
25281244	0.00260000	775.00000000	0.00259000	852.00000000
25281244	0.00259958	57.00000000	0.00259000	852.00000000
25281244	0.00259958	57.00000000	0.00259000	852.00000000
25281244	0.00259958	57.00000000	0.00259000	852.00000000
25281244	0.00260000	775.00000000	0.00259000	852.00000000
25281244	0.00260000	728.00000000	0.00259000	852.00000000
25281244	0.00260000	728.00000000	0.00259000	852.00000000
25281244	0.00260000	728.00000000	0.00259000	852.00000000
25281244	0.00260000	728.00000000	0.00259000	852.00000000
25281244	0.00260000	728.00000000	0.00259000	852.00000000
25281244	0.00260000	728.00000000	0.00259000	852.00000000
25281244	0.00260000	688.00000000	0.00259000	852.00000000
25281244	0.00260000	688.00000000	0.00259000	852.00000000
25281244	0.00260000	688.00000000	0.00259000	852.00000000
25281244	0.00260000	766.00000000	0.00259000	852.00000000
25281244	0.00260000	766.00000000	0.00259000	852.00000000
25281244	0.00260000	766.00000000	0.00259000	852.00000000
25281244	0.00260000	766.00000000	0.00259000	852.00000000
25281244	0.00260000	766.00000000	0.00259000	852.00000000
25281244	0.00260000	766.00000000	0.00259000	852.00000000
25281244	0.00260000	766.00000000	0.00259000	752.00000000
25281244	0.00260000	766.00000000	0.00259000	752.00000000
25281244	0.00260000	753.00000000	0.00259000	752.00000000
25281244	0.00260000	753.00000000	0.00259000	752.00000000
25281244	0.00260000	753.00000000	0.00259000	752.00000000
25281245	0.00260000	753.00000000	0.00259000	752.00000000
25281245	0.00260000	753.00000000	0.00259000	752.00000000
25281245	0.00260000	753.00000000	0.00259000	752.00000000
25281245	0.00260000	753.00000000	0.00259000	752.00000000
25281245	0.00260000	814.00000000	0.00259000	752.00000000
25281245	0.00260000	814.00000000	0.00259000	752.00000000
25281245	0.00260000	814.00000000	0.00259000	752.00000000
25281245	0.00260000	814.00000000	0.00259000	752.00000000
25281245	0.00260000	814.00000000	0.00259000	724.00000000
25281245	0.00260000	814.00000000	0.00259000	724.00000000
25281245	0.00260000	814.00000000	0.00259000	724.00000000
25281245	0.00260000	814.00000000	0.00259000	724.00000000
25281245	0.00260000	814.00000000	0.00259000	724.00000000
25281245	0.00260000	806.00000000	0.00259000	724.00000000
25281245	0.00260000	806.00000000	0.00259000	724.00000000
25281245	0.00260000	806.00000000	0.00259000	724.00000000
25281245	0.00260000	806.00000000	0.00259000	724.00000000
25281245	0.00260000	806.00000000	0.00259000	724.00000000
25281245	0.00260000	806.00000000	0.00259000	724.00000000
25281245	0.00260000	806.00000000	0.00259000	724.00000000
25281245	0.00260000	806.00000000	0.00259000	724.00000000
25281245	0.00260000	806.00000000	0.00259000	724.00000000
25281245	0.00260000	806.00000000	0.00259000	724.00000000
25281245	0.00260000	806.00000000	0.00259000	724.00000000
25281245	0.00260000	806.00000000	0.00259000	724.00000000
25281245	0.00260000	806.00000000	0.00259000	724.00000000
25281245	0.00260000	806.00000000	0.00259000	714.00000000
25281245	0.00260000	806.00000000	0.00259000	714.00000000
25281246	0.00260000	806.00000000	0.00259000	352.00000000
25281246	0.00260000	806.00000000	0.00259000	352.00000000
25281246	0.00260000	806.00000000	0.00259000	352.00000000
25281246	0.00260000	806.00000000	0.00259000	352.00000000
25281246	0.00260000	806.00000000	0.00259000	352.00000000
25281246	0.00260000	806.00000000	0.00259000	352.00000000
25281246	0.00260000	764.00000000	0.00259000	352.00000000
25281246	0.00260000	764.00000000	0.00259000	352.00000000
25281246	0.00260000	764.00000000	0.00259000	352.00000000
25281246	0.00260000	827.00000000	0.00258900	674.00000000
25281246	0.00259999	191.00000000	0.00258900	674.00000000
25281246	0.00259999	191.00000000	0.00258900	674.00000000
25281246	0.00259999	191.00000000	0.00258900	674.00000000
25281246	0.00259999	191.00000000	0.00258900	674.00000000
25281246	0.00259999	191.00000000	0.00258900	674.00000000
25281246	0.00259999	191.00000000	0.00258900	674.00000000
25281246	0.00259999	191.00000000	0.00258900	674.00000000
25281246	0.00259999	879.00000000	0.00258900	674.00000000
25281246	0.00259999	879.00000000	0.00258900	674.00000000
25281246	0.00259999	879.00000000	0.00258900	674.00000000
25281246	0.00259999	879.00000000	0.00258900	674.00000000
25281246	0.00259999	879.00000000	0.00258900	674.00000000
25281246	0.00259999	879.00000000	0.00258900	674.00000000
25281246	0.00259997	191.00000000	0.00258900	674.00000000
25281246	0.00259997	191.00000000	0.00258900	674.00000000
