0.00890000	360.00000000	0.00250000	90.00000000
0.00890000	360.00000000	0.00250000	90.00000000
0.00890000	360.00000000	0.00250000	90.00000000
0.00890000	360.00000000	0.00250000	90.00000000
0.00890000	360.00000000	0.00153000	536.00000000
0.00890000	360.00000000	0.00153000	536.00000000
0.00890000	360.00000000	0.00153000	536.00000000
0.00890000	360.00000000	0.00153000	536.00000000
0.00890000	360.00000000	0.00320000	1822.00000000
0.00890000	330.00000000	0.00320000	1822.00000000
0.01000000	2126.50000000	0.00320000	1895.49000000
0.01000000	1489.41000000	0.00890000	4823.56000000
0.00890000	5264.56000000	0.00335000	16.04000000
0.00890000	2673.35000000	0.00350000	813.81000000
0.00890000	1056.96000000	0.00350000	813.81000000
0.00890000	16.58000000	0.00800000	0.20000000
0.00890000	15.36000000	0.00430000	70.00000000
0.00890000	21.00000000	0.00430000	70.00000000
0.01000000	48.23000000	0.00430000	70.00000000
0.00890000	865.84000000	0.00430000	53.09000000
0.01000000	48.23000000	0.00890000	10.55000000
0.00800000	114.26000000	0.00430000	1174.54000000
0.00890000	156.53000000	0.00800000	0.48000000
0.00890000	61.14000000	0.00800000	0.48000000
0.00890000	40.78000000	0.00430000	940.33000000
0.01890000	7614.77000000	0.00890000	55.05000000
0.01890000	7614.77000000	0.00430000	878.94000000
0.01890000	7613.77000000	0.00890000	53.93000000
0.01890000	7335.76000000	0.00890000	166.76000000
0.00800000	65.57000000	0.00450000	106.88000000
0.01000000	59.65000000	0.00890000	206.49000000
0.01890000	6178.58000000	0.00890000	31.60000000
0.00890000	67.99000000	0.00800000	14.56000000
0.01350900	89.91000000	0.00900000	12.69000000
0.01890000	6090.56000000	0.00450000	83.87000000
0.01890000	6062.57000000	0.00450000	104.87000000
0.01000000	4.78000000	0.00400000	407.25000000
0.01500000	278.30000000	0.00890000	500.55000000
0.00900000	77.65000000	0.00800000	47.05000000
0.01500000	177.00000000	0.00890000	241.07000000
0.01890000	5136.06000000	0.00890000	14.41000000
0.01890000	4030.25000000	0.01000400	29.94000000
0.00980000	30.13000000	0.00900000	11977.20000000
0.01890000	3016.03000000	0.00900000	11468.07000000
0.01700000	3061.16000000	0.00980000	79.80000000
0.01700000	2603.97000000	0.00980000	79.80000000
0.01700000	2596.40000000	0.00980000	79.80000000
0.01700000	740.06000000	0.00900000	11815.23000000
0.01700000	428.93000000	0.01000000	90.04000000
0.01700000	222.90000000	0.01000000	107.59000000
0.01700000	984.10000000	0.01000000	63.08000000
0.01700000	719.95000000	0.01000000	107.74000000
0.01700000	770.04000000	0.01000000	526.61000000
0.01700000	138.96000000	0.01000000	532.20000000
0.01500000	4719.11000000	0.01000000	532.20000000
0.01500000	4696.68000000	0.01000000	532.20000000
0.01500000	3268.96000000	0.01000100	55.81000000
0.01500000	3160.38000000	0.01000000	429.39000000
0.01100000	160.77000000	0.01000000	378.63000000
0.01500000	601.11000000	0.01100000	65.46000000
0.01500000	276.47000000	0.01000000	545.63000000
0.01600000	37.20000000	0.01000000	447.39000000
0.01700000	602.06000000	0.01500000	20.70000000
0.01500000	50.77000000	0.01100000	1486.15000000
0.01700000	79.54000000	0.01500000	82.71000000
0.01600000	822.23000000	0.01500000	1.43000000
0.01600000	458.65000000	0.01100000	1527.52000000
0.01600000	146.90000000	0.01500000	27.55000000
0.01200000	18.32000000	0.01100000	1175.61000000
0.01500000	2253.11000000	0.01100000	1227.58000000
0.01500000	2140.78000000	0.01100000	1500.61000000
0.01500000	1034.20000000	0.01100000	1527.91000000
0.01500000	850.89000000	0.01110000	37.03000000
0.01500000	513.46000000	0.01110000	25.61000000
0.01600000	1852.06000000	0.01110000	25.61000000
0.01600000	1316.26000000	0.01110000	38.09000000
0.01500000	2.60000000	0.01100000	1324.20000000
0.01600000	1305.56000000	0.01000300	233.44000000
0.01599900	97.86000000	0.01200000	91.75000000
0.01200000	9.02000000	0.01000300	205.98000000
0.01600000	571.75000000	0.01000200	16.32000000
0.01600000	452.19000000	0.01100000	30.44000000
0.01599900	97.86000000	0.01100000	93.30000000
0.01499600	99.05000000	0.01100000	19.10000000
0.01499600	58.47000000	0.01200000	427.75000000
0.01101000	12.17000000	0.01000300	170.97000000
0.01101000	12.02000000	0.01100500	23.17000000
0.01200000	77.10000000	0.01101000	5.00000000
0.01200000	24.59000000	0.01100000	133.08000000
0.01100000	216.36000000	0.01000300	282.34000000
0.01499600	26.70000000	0.01000300	114.88000000
0.01499500	240.54000000	0.01000300	114.88000000
0.01100000	21.82000000	0.01002000	125.00000000
0.01100000	0.01000000	0.01002000	118.73000000
0.01400000	3.49000000	0.01002000	85.99000000
0.01002000	31.08000000	0.01001200	8.48000000
0.01400000	6.83000000	0.01000500	65.65000000
0.01500000	41.90000000	0.01100000	4.62000000
0.01002000	0.01000000	0.01001000	8.41000000
0.01001200	42.08000000	0.01000200	2403.73000000
0.01100100	4.20000000	0.01100000	78.77000000
0.01100100	3.21000000	0.01100000	474.11000000
0.01050000	69.19000000	0.01010000	580.15000000
0.01100000	131.08000000	0.01002000	147.02000000
0.01100000	88.20000000	0.01002000	147.02000000
0.01100000	133.68000000	0.01002000	147.02000000
0.01002000	47.02000000	0.01001200	99.78000000
0.01001000	39.57000000	0.01000300	179.58000000
0.01000300	101.84000000	0.01000200	685.87000000
0.01100000	390.26000000	0.01001000	2.86000000
0.01100000	1.19000000	0.01000000	2102.05000000
0.01100000	0.02000000	0.01000500	303.50000000
0.01200000	77.78000000	0.01100000	260.06000000
0.01200000	15.07000000	0.01100100	32.90000000
0.01500000	103.61000000	0.01001000	72.16000000
0.01400000	470.94000000	0.01000200	468.94000000
0.01400000	307.65000000	0.01000100	658.05000000
0.01200000	10.00000000	0.00900100	74.24000000
0.01001000	22.25000000	0.00900000	12770.35000000
0.01400000	48.40000000	0.00900000	12770.35000000
0.01400000	18.09000000	0.01000000	28.70000000
0.01100000	23.95000000	0.01000100	3.84000000
0.01000000	17.43000000	0.00900100	806.81000000
0.01400000	28.35000000	0.00989000	2.08000000
0.01500000	812.33000000	0.00900100	757.47000000
0.01500000	917.29000000	0.00900000	12344.34000000
0.01490000	137.70000000	0.01000000	428.82000000
0.01400000	119.88000000	0.01000000	316.89000000
0.01000000	27.09000000	0.00900100	8.26000000
0.01000000	23.65000000	0.00900100	20.94000000
0.01300000	22.28000000	0.00900200	39.83000000
0.01300000	22.28000000	0.01120000	2.00000000
0.01300000	22.28000000	0.01000300	110.15000000
0.01000300	141.95000000	0.00980000	68.06000000
0.01300200	1144.98000000	0.01300000	353.06000000
0.00980000	66.52000000	0.00900000	12513.39000000
0.01000000	111.47000000	0.00900000	12513.39000000
0.01000000	16.26000000	0.00990000	60.86000000
0.01100000	2.80000000	0.00980000	7.98000000
0.01299900	399.79000000	0.00900300	5.13000000
0.01000300	6.09000000	0.01000000	16.81000000
0.01200000	40.83000000	0.00900100	17.62000000
0.01200000	37.42000000	0.01000000	175.02000000
0.01200000	21.91000000	0.01000300	70.72000000
0.01000300	8.70000000	0.00910000	52.36000000
0.01050000	50.16000000	0.00900300	116.99000000
0.01000000	76.41000000	0.00900000	12854.78000000
0.01100000	59.52000000	0.01000300	418.86000000
0.01000000	3.00000000	0.00900200	248.12000000
0.01000300	4.32000000	0.00980000	35.17000000
0.01100000	27.06000000	0.01000300	9.75000000
0.01100000	13.05000000	0.01001000	658.01000000
0.01200000	1099.68000000	0.01001000	442.40000000
0.01000300	0.04000000	0.01000000	595.94000000
0.01200000	664.01000000	0.01000000	1.65000000
0.01100000	104.92000000	0.01000000	1.65000000
0.00900200	22.70000000	0.00900000	12713.70000000
0.00900100	87.49000000	0.00900000	12407.47000000
0.01100000	7.22000000	0.01000000	231.81000000
0.01000000	26.18000000	0.00900000	12345.91000000
0.00980000	13.42000000	0.00900100	74.76000000
0.00980000	10.49000000	0.00900000	11907.50000000
0.01050000	2.18000000	0.01000000	358.85000000
0.01000000	366.97000000	0.00900100	65.04000000
0.01000000	191.80000000	0.00900400	55.38000000
0.00900100	26.70000000	0.00900000	12119.97000000
0.00990000	244.73000000	0.00900000	11395.12000000
0.00990000	90.10000000	0.00900000	11264.70000000
0.00910000	63.73000000	0.00900100	178.63000000
0.01100000	1011.03000000	0.00900000	8674.70000000
0.01100000	986.18000000	0.00900000	8547.66000000
0.01000000	130.61000000	0.00990000	4.53000000
0.01000000	130.51000000	0.00900000	7377.15000000
0.01000000	18.42000000	0.00900000	5674.83000000
0.01100000	994.90000000	0.00900000	5459.92000000
0.01100000	924.62000000	0.00900100	20.00000000
0.00980000	3.56000000	0.00900100	15.71000000
0.01000000	2.92000000	0.00900200	10.00000000
0.01000000	13.43000000	0.00900000	7862.92000000
0.01090000	601.46000000	0.00900100	70.09000000
0.01090000	551.18000000	0.00900000	7125.28000000
0.01090000	199.95000000	0.00900500	319.41000000
0.01000000	63.78000000	0.00900500	313.18000000
0.01000000	2.66000000	0.00900100	29.03000000
0.01010000	29.02000000	0.00900100	19.34000000
0.01010000	0.77000000	0.00900000	6528.63000000
0.01090000	113.73000000	0.00900000	6626.64000000
0.01000000	10.00000000	0.00900100	19.32000000
0.01001100	3.66000000	0.00900000	3596.48000000
0.00900000	219.07000000	0.00890000	450.53000000
0.00900100	58.06000000	0.00890000	303.76000000
0.01001000	50.10000000	0.00900100	0.42000000
0.01000000	41.64000000	0.00900000	0.44000000
0.00900000	33.31000000	0.00890000	244.49000000
0.00890000	236.55000000	0.00851100	45.85000000
0.00890000	67.51000000	0.00851200	28.20000000
0.00900000	50.06000000	0.00851200	28.20000000
0.00888900	4.29000000	0.00851200	28.20000000
0.00900100	67.90000000	0.00888900	2.55000000
0.00888900	44.94000000	0.00851400	28.37000000
0.01000000	398.24000000	0.00851200	12.99000000
0.01000000	394.02000000	0.00851100	105.50000000
0.00890000	11.00000000	0.00851200	34.00000000
0.00851400	21.52000000	0.00851100	30.50000000
0.00866600	26.73000000	0.00851100	20.77000000
0.00890000	5.32000000	0.00851100	20.77000000
0.00900000	62.01000000	0.00851100	20.77000000
0.00900000	62.01000000	0.00851100	52.66000000
0.00959900	824.87000000	0.00850000	962.90000000
0.00900000	42.75000000	0.00860000	62.79000000
0.00860000	34.76000000	0.00851400	1743.96000000
0.00860000	4.74000000	0.00851400	1646.33000000
0.00860000	4.74000000	0.00851400	1541.75000000
0.00890000	28.60000000	0.00860000	5.00000000
0.00889800	10.42000000	0.00851400	1418.29000000
0.00900000	43.62000000	0.00851400	1418.29000000
0.00959900	1496.92000000	0.00851400	1412.79000000
0.00900000	40.10000000	0.00890000	69.16000000
0.00890000	131.12000000	0.00851400	865.73000000
0.00900000	0.01000000	0.00851400	647.95000000
0.00959900	1496.92000000	0.00851400	916.80000000
0.00860000	196.30000000	0.00851400	885.90000000
0.00959900	565.24000000	0.00870000	85.50000000
0.00959900	533.98000000	0.00900000	155.44000000
0.00870000	12.00000000	0.00860000	561.98000000
0.00860000	209.11000000	0.00851400	717.04000000
0.00860000	173.10000000	0.00851400	749.32000000
0.00900000	349.16000000	0.00890000	30.82000000
0.00900000	207.66000000	0.00890000	2.61000000
0.00900000	122.74000000	0.00870000	92.15000000
0.00900000	64.47000000	0.00890000	10.00000000
0.00950000	82.06000000	0.00890000	100.00000000
0.00890000	168.20000000	0.00860000	1116.06000000
0.00890000	61.27000000	0.00870000	107.04000000
0.00859000	34.71000000	0.00851500	3.44000000
0.00860000	0.01000000	0.00851400	1124.00000000
0.00870000	127.97000000	0.00851400	790.23000000
0.00870000	81.78000000	0.00860400	19.93000000
0.00860000	4.27000000	0.00851400	890.23000000
0.00899800	35.61000000	0.00851400	890.23000000
0.00899800	4.41000000	0.00851400	893.03000000
0.00890000	23.08000000	0.00851400	903.94000000
0.00889900	27.54000000	0.00860000	166.95000000
0.00889900	26.58000000	0.00860000	148.62000000
0.00860000	139.84000000	0.00851400	849.01000000
0.00860000	95.60000000	0.00851500	249.15000000
0.00899800	11.41000000	0.00851500	249.15000000
0.00890000	217.49000000	0.00850000	1132.03000000
0.00860000	74.91000000	0.00850000	1014.45000000
0.00860000	85.94000000	0.00851500	71.30000000
0.00860000	20.03000000	0.00851500	41.90000000
0.00890000	240.75000000	0.00851500	35.84000000
0.00860100	321.88000000	0.00851500	35.84000000
0.00860100	223.06000000	0.00851900	29.38000000
0.00860100	141.31000000	0.00851500	64.11000000
0.00860100	123.92000000	0.00851500	64.11000000
0.00860100	121.38000000	0.00860000	37.25000000
0.00851900	22.04000000	0.00851500	77.13000000
0.00860100	76.08000000	0.00851500	64.55000000
0.00860100	52.32000000	0.00850000	1131.06000000
0.00851500	8.04000000	0.00800300	2.93000000
0.00860000	10.25000000	0.00851500	1.96000000
0.00851500	36.67000000	0.00850000	8.49000000
0.00850000	54.33000000	0.00800100	67.02000000
0.00850000	1757.67000000	0.00800100	62.73000000
0.00850000	1716.52000000	0.00801000	6.32000000
0.00850000	1662.85000000	0.00800000	1458.50000000
0.00850000	1732.86000000	0.00800000	1317.03000000
0.00850000	1711.69000000	0.00800000	1877.04000000
0.00850000	1704.64000000	0.00800000	1795.88000000
0.00850000	1704.64000000	0.00800100	24.53000000
0.00840000	35.02000000	0.00800100	81.61000000
0.00840000	35.02000000	0.00800100	51.10000000
0.00840000	35.02000000	0.00800000	1997.49000000
0.00840000	23.63000000	0.00800000	1614.36000000
0.00850000	305.68000000	0.00800000	1137.13000000
0.00820000	11.15000000	0.00800000	1176.53000000
0.00850000	398.58000000	0.00800000	1181.82000000
0.00840000	48.00000000	0.00800100	12.27000000
0.00800000	1541.71000000	0.00713000	8.41000000
0.00800000	1616.34000000	0.00751000	37.75000000
0.00800000	1619.30000000	0.00786800	18.78000000
0.00800000	665.39000000	0.00700000	112.44000000
0.00800000	634.22000000	0.00700000	35.08000000
0.00800000	519.49000000	0.00713000	140.00000000
0.00800000	210.61000000	0.00713000	130.40000000
0.00800000	18.39000000	0.00713000	129.75000000
0.00799900	46.51000000	0.00700000	7.00000000
0.00800000	4.65000000	0.00700000	7.00000000
0.00790000	436.10000000	0.00700000	5.00000000
0.00800000	185.87000000	0.00702000	138.52000000
0.00800000	210.84000000	0.00700000	134.31000000
0.00800000	244.31000000	0.00700000	96.39000000
0.00799900	6.40000000	0.00700000	23.10000000
0.00800000	1911.77000000	0.00700000	23.10000000
0.00800000	1911.77000000	0.00700000	46.07000000
0.00700000	51.09000000	0.00661000	134.01000000
0.00800000	1966.25000000	0.00700000	8.64000000
0.00800000	1971.12000000	0.00661000	300.00000000
0.00800000	1826.83000000	0.00661000	94.85000000
0.00700000	1.18000000	0.00661000	147.60000000
0.00700000	71.46000000	0.00651000	59.21000000
0.00800000	2256.16000000	0.00700000	25.83000000
0.00700000	113.09000000	0.00661000	361.74000000
0.00700000	182.19000000	0.00661000	271.48000000
0.00800000	1914.48000000	0.00661000	238.21000000
0.00799900	42.96000000	0.00600000	50.00000000
0.00799900	42.96000000	0.00661000	48.00000000
0.00799900	41.63000000	0.00661000	104.00000000
0.00700000	2.47000000	0.00661000	100.46000000
0.00700000	269.99000000	0.00661000	118.01000000
0.00799900	2.54000000	0.00700000	46.16000000
0.00799900	18.66000000	0.00678000	532.69000000
0.00750000	102.81000000	0.00677000	578.02000000
0.00750000	102.11000000	0.00677000	224.37000000
0.00750000	92.89000000	0.00700000	252.44000000
0.00750000	92.89000000	0.00700000	196.53000000
0.00750000	92.89000000	0.00700000	195.43000000
0.00750000	109.05000000	0.00700000	168.59000000
0.00750000	103.05000000	0.00700000	147.46000000
0.00750000	250.89000000	0.00700100	755.68000000
0.00750000	172.72000000	0.00700100	749.95000000
0.00750000	175.36000000	0.00700100	749.95000000
0.00750000	191.91000000	0.00700100	744.07000000
0.00750000	230.12000000	0.00700100	724.72000000
0.00750000	230.12000000	0.00700100	724.72000000
0.00750000	315.23000000	0.00700200	9.70000000
0.00750000	290.39000000	0.00700200	9.70000000
0.00750000	285.34000000	0.00700100	637.00000000
0.00750000	271.94000000	0.00700100	1080.77000000
0.00749900	59.99000000	0.00700100	1080.77000000
0.00749900	58.40000000	0.00700100	1057.68000000
0.00700100	21.03000000	0.00700000	3.38000000
0.00749900	3.63000000	0.00678000	15.92000000
0.00800000	951.66000000	0.00677100	63.36000000
0.00800000	593.30000000	0.00500000	662.82000000
0.00750000	185.08000000	0.00700100	41.52000000
0.00750000	185.08000000	0.00700100	38.52000000
0.00749900	24.22000000	0.00677100	122.55000000
0.00750000	163.09000000	0.00677100	122.55000000
0.00750000	98.32000000	0.00700000	9.74000000
0.00750000	86.58000000	0.00700000	5.40000000
0.00700000	11.00000000	0.00677100	105.63000000
0.00750000	258.82000000	0.00670000	68.85000000
0.00700100	63.00000000	0.00700000	97.23000000
0.00700100	11.88000000	0.00700000	97.23000000
0.00700000	70.27000000	0.00670000	673.36000000
0.00700000	83.02000000	0.00677000	3.10000000
0.00700000	83.02000000	0.00670000	464.31000000
0.00700000	83.02000000	0.00676000	590.00000000
0.00700000	79.02000000	0.00676000	590.00000000
0.00750000	225.00000000	0.00700000	7.71000000
0.00700000	25.40000000	0.00670000	445.27000000
0.00700000	25.40000000	0.00677100	12.29000000
0.00700000	0.77000000	0.00670000	190.02000000
0.00700000	1900.33000000	0.00676300	20.62000000
0.00700000	1737.20000000	0.00676300	20.62000000
0.00700000	1438.20000000	0.00670100	627.33000000
0.00700000	1429.85000000	0.00670100	158.90000000
0.00700000	1383.83000000	0.00676300	237.93000000
0.00700000	1326.82000000	0.00676300	237.93000000
0.00700000	1283.89000000	0.00676300	211.29000000
0.00699800	20.62000000	0.00676300	155.29000000
0.00700000	1042.41000000	0.00650000	440.43000000
0.00700000	756.20000000	0.00670000	23.27000000
0.00690000	118.00000000	0.00670000	23.27000000
0.00690000	117.43000000	0.00640000	1163.03000000
0.00670000	189.88000000	0.00640000	1162.80000000
0.00650000	3.35000000	0.00640000	1059.92000000
0.00650000	3.35000000	0.00640100	42.45000000
0.00660000	117.00000000	0.00640000	483.92000000
0.00650000	147.03000000	0.00640100	12.85000000
0.00649900	110.00000000	0.00640100	50.34000000
0.00650000	22.80000000	0.00640100	33.45000000
0.00650000	22.65000000	0.00640100	20.37000000
0.00650000	22.61000000	0.00640100	8.18000000
0.00650000	52.50000000	0.00640100	8.18000000
0.00649900	83.45000000	0.00640100	122.64000000
0.00660000	776.05000000	0.00640100	69.84000000
0.00650000	357.38000000	0.00640100	63.59000000
0.00650000	357.36000000	0.00640100	63.59000000
0.00640000	110.74000000	0.00610000	21.63000000
0.00639900	37.44000000	0.00610000	21.63000000
0.00640000	16.02000000	0.00610000	21.63000000
0.00640000	16.02000000	0.00620000	58.69000000
0.00610000	25.34000000	0.00600000	330.18000000
0.00610000	7.07000000	0.00600000	395.54000000
0.00610000	7.07000000	0.00600000	400.87000000
0.00640100	218.24000000	0.00600000	57.86000000
0.00590000	59.06000000	0.00550000	15.00000000
0.00579000	0.83000000	0.00550000	9.00000000
0.00579000	0.83000000	0.00528000	542.21000000
0.00550000	67.48000000	0.00528000	542.21000000
0.00579000	0.83000000	0.00528000	542.21000000
0.00590000	31.89000000	0.00528000	542.21000000
0.00579000	217.78000000	0.00528000	443.44000000
0.00579000	217.78000000	0.00528000	391.42000000
0.00579000	217.78000000	0.00525000	1281.34000000
0.00579000	150.92000000	0.00528000	88.38000000
0.00579000	92.09000000	0.00528000	32.15000000
0.00525000	3.81000000	0.00510200	93.75000000
0.00578900	7.87000000	0.00525000	175.89000000
0.00578900	7.87000000	0.00525000	175.89000000
0.00578900	20.98000000	0.00525000	175.89000000
0.00578900	20.98000000	0.00528000	17.41000000
0.00570000	55.96000000	0.00528000	3.89000000
0.00525000	2.82000000	0.00510800	44.00000000
0.00570000	34.82000000	0.00530000	10.00000000
0.00570000	34.82000000	0.00528000	3148.35000000
0.00569900	424.75000000	0.00528000	2473.26000000
0.00528100	81.78000000	0.00528000	2062.67000000
0.00528100	47.22000000	0.00528000	1613.36000000
0.00528100	34.10000000	0.00528000	1113.61000000
0.00528000	35.17000000	0.00510000	782.96000000
0.00528000	35.77000000	0.00520000	6.02000000
0.00528000	47.78000000	0.00520000	6.02000000
0.00520000	373.86000000	0.00511100	136.47000000
0.00550000	111.74000000	0.00528100	1086.50000000
0.00550000	111.74000000	0.00528100	337.28000000
0.00528100	6.59000000	0.00528000	1.86000000
0.00528000	514.98000000	0.00511200	28.14000000
0.00528000	514.98000000	0.00520000	46.48000000
0.00520000	63.73000000	0.00511200	9.33000000
0.00528000	263.25000000	0.00500000	1084.01000000
0.00520000	63.60000000	0.00500000	1084.01000000
0.00520000	48.43000000	0.00500000	1696.78000000
0.00520000	35.97000000	0.00510000	64.53000000
0.00500000	1062.85000000	0.00499900	80.66000000
0.00500000	1258.82000000	0.00499900	17.36000000
0.00510000	65.00000000	0.00500000	11.65000000
0.00510000	60.53000000	0.00480000	198.50000000
0.00510000	60.53000000	0.00480000	82.90000000
0.00500000	99.90000000	0.00480000	82.90000000
0.00520000	6.98000000	0.00464000	1914.11000000
0.00520000	6.98000000	0.00464000	1628.74000000
0.00500000	544.77000000	0.00464000	1154.30000000
0.00500000	549.64000000	0.00464000	418.45000000
0.00499900	224.62000000	0.00464000	377.98000000
0.00499900	224.62000000	0.00464000	377.98000000
0.00499900	183.54000000	0.00464000	294.79000000
0.00499800	67.02000000	0.00464100	83.31000000
0.00499900	71.66000000	0.00464100	1025.24000000
0.00499800	122.77000000	0.00464100	941.49000000
0.00500000	201.22000000	0.00499800	77.17000000
0.00520000	165.16000000	0.00500000	133.18000000
0.00520000	206.26000000	0.00480000	420.18000000
0.00540000	3.75000000	0.00520000	185.38000000
0.00540000	3.75000000	0.00480000	222.91000000
0.00550000	159.19000000	0.00480000	122.70000000
0.00550000	159.19000000	0.00480000	115.70000000
0.00550000	159.19000000	0.00528000	3.95000000
0.00590000	31.89000000	0.00480000	138.90000000
0.00590000	31.89000000	0.00480000	100.05000000
0.00590000	31.89000000	0.00480000	115.29000000
0.00590000	31.89000000	0.00499900	12.40000000
0.00590000	31.89000000	0.00500000	20.70000000
0.00590000	31.89000000	0.00500000	20.70000000
0.00589900	109.92000000	0.00500000	616.35000000
0.00589900	101.93000000	0.00500000	168.09000000
0.00641900	46.57000000	0.00600000	25.51000000
0.00611100	16.16000000	0.00589900	14.04000000
0.00641900	41.33000000	0.00611100	15.02000000
0.00641900	41.33000000	0.00611100	36.53000000
0.00641900	41.33000000	0.00508800	55.00000000
0.00641900	39.87000000	0.00508900	769.16000000
0.00641900	39.87000000	0.00511100	11.87000000
0.00641900	39.87000000	0.00528000	232.60000000
0.00650000	68.31000000	0.00528000	232.60000000
0.00640000	4.55000000	0.00528000	68.16000000
0.00635000	8.86000000	0.00600000	25.45000000
0.00660000	1233.45000000	0.00635000	9.00000000
0.00660000	558.72000000	0.00635000	9.00000000
0.00660000	549.30000000	0.00600000	12.21000000
0.00699800	45.94000000	0.00600000	11.46000000
0.00700000	77.92000000	0.00550000	2100.00000000
0.00700000	68.27000000	0.00600000	261.59000000
0.00700000	66.98000000	0.00600000	252.73000000
0.00699800	65.41000000	0.00600000	277.42000000
0.00699800	6.37000000	0.00611100	5.42000000
0.00702000	61.11000000	0.00700000	19.13000000
0.00702000	61.11000000	0.00700000	19.13000000
0.00690000	668.06000000	0.00661000	223.03000000
0.00690000	587.91000000	0.00661000	223.03000000
0.00710000	65.87000000	0.00699800	216.66000000
0.00750000	439.05000000	0.00702000	4.79000000
0.00750000	326.46000000	0.00699800	219.72000000
0.00749900	19.04000000	0.00702000	138.63000000
0.00750000	197.89000000	0.00710000	194.75000000
0.00750000	612.15000000	0.00710000	111.85000000
0.00750000	560.18000000	0.00710000	324.60000000
0.00800000	1117.41000000	0.00710000	427.06000000
0.00750000	476.98000000	0.00740000	10.77000000
0.00741100	4.77000000	0.00710000	405.97000000
0.00800000	1026.69000000	0.00710000	426.46000000
0.00800000	981.02000000	0.00710000	356.05000000
0.00800000	912.14000000	0.00750000	0.01000000
0.00750000	0.81000000	0.00740000	30.00000000
0.00740000	57.51000000	0.00720000	52.49000000
0.00790000	51.16000000	0.00750000	72.79000000
0.00750000	43.29000000	0.00741100	141.82000000
0.00799900	11.51000000	0.00750000	24.76000000
0.00799900	0.81000000	0.00731300	5.61000000
0.00790000	68.75000000	0.00710500	8.36000000
0.00800000	795.37000000	0.00710100	1301.93000000
0.00800000	43.49000000	0.00710100	146.33000000
0.00799900	443.61000000	0.00710000	525.85000000
0.00799900	84.76000000	0.00740500	16.74000000
0.00800000	2.45000000	0.00720000	638.70000000
0.00800000	2.45000000	0.00750000	681.02000000
0.00790000	3.00000000	0.00750000	588.63000000
0.00849900	288.98000000	0.00800000	87.49000000
0.00800000	18.93000000	0.00750000	454.82000000
0.00750000	1094.71000000	0.00740000	41.57000000
0.00750000	644.56000000	0.00740500	5.53000000
0.00750000	424.68000000	0.00730000	38.67000000
0.00750000	309.93000000	0.00730000	18.79000000
0.00800000	36.05000000	0.00750000	38.29000000
0.00750000	38.30000000	0.00730000	18.79000000
0.00750000	62.60000000	0.00720100	150.38000000
0.00750000	2.36000000	0.00730000	9.98000000
0.00750000	17.00000000	0.00730000	9.98000000
0.00790000	4.67000000	0.00750000	61.96000000
0.00783000	2340.22000000	0.00750000	351.32000000
0.00783000	2279.60000000	0.00720100	34.55000000
0.00720100	15.98000000	0.00720000	650.47000000
0.00783000	1981.45000000	0.00740000	177.23000000
0.00740000	160.45000000	0.00720400	183.02000000
0.00740000	151.86000000	0.00720400	183.02000000
0.00740000	5.90000000	0.00720400	140.32000000
0.00779900	637.52000000	0.00740000	5.74000000
0.00779800	445.68000000	0.00740000	4.32000000
0.00720500	690.64000000	0.00720400	44.26000000
0.00720500	615.42000000	0.00720400	12.41000000
0.00720500	605.42000000	0.00720400	12.41000000
0.00720400	11.93000000	0.00720000	542.08000000
0.00750000	241.26000000	0.00720500	219.83000000
0.00750000	71.08000000	0.00720400	92.06000000
0.00750000	803.67000000	0.00720500	24.37000000
0.00720400	234.37000000	0.00720000	36.22000000
0.00720400	195.25000000	0.00720000	394.47000000
0.00750000	710.90000000	0.00720000	186.96000000
0.00750000	700.86000000	0.00720100	33.33000000
0.00749800	359.97000000	0.00720600	111.58000000
0.00749800	352.66000000	0.00720600	111.58000000
0.00749800	352.66000000	0.00720000	529.10000000
0.00749800	352.66000000	0.00720000	596.20000000
0.00749000	682.83000000	0.00720000	528.26000000
0.00749000	682.83000000	0.00720100	153.21000000
0.00749000	667.32000000	0.00720100	41.62000000
0.00720500	462.83000000	0.00720100	48.13000000
0.00720500	328.72000000	0.00720100	31.49000000
0.00720500	215.32000000	0.00720000	2225.42000000
0.00749000	211.31000000	0.00720000	2446.73000000
0.00730000	3.64000000	0.00720400	131.92000000
0.00720100	74.17000000	0.00720000	2392.76000000
0.00730000	3.64000000	0.00720500	368.40000000
0.00730000	3.64000000	0.00720500	360.67000000
0.00721100	676.84000000	0.00720100	10.83000000
0.00721100	656.64000000	0.00720500	3.81000000
0.00721100	648.45000000	0.00720100	568.84000000
0.00740000	40.63000000	0.00721500	10.72000000
0.00730000	1003.97000000	0.00720100	21.21000000
0.00720000	470.51000000	0.00700200	361.21000000
0.00720000	382.52000000	0.00700200	358.78000000
0.00750000	353.50000000	0.00700200	340.89000000
0.00720100	52.47000000	0.00700000	2887.26000000
0.00720400	97.53000000	0.00700000	2077.79000000
0.00720400	78.90000000	0.00700000	1365.73000000
0.00720400	78.90000000	0.00700000	1019.65000000
0.00729900	33.27000000	0.00700100	581.98000000
0.00729900	33.27000000	0.00690000	264.88000000
0.00721100	1.39000000	0.00720000	67.87000000
0.00739900	698.43000000	0.00661000	149.51000000
0.00700000	624.37000000	0.00661100	128.40000000
0.00700000	624.37000000	0.00661200	992.90000000
0.00700000	612.16000000	0.00661200	992.90000000
0.00700000	705.20000000	0.00680000	44.56000000
0.00700000	448.58000000	0.00661100	60.21000000
0.00700000	448.58000000	0.00661000	12.90000000
0.00700000	299.87000000	0.00661000	12.90000000
0.00700000	199.75000000	0.00661100	33.12000000
0.00700000	245.64000000	0.00661300	168.07000000
0.00699800	36.57000000	0.00661300	17.98000000
0.00661000	33.58000000	0.00650000	122.19000000
0.00676400	48.75000000	0.00650000	122.19000000
0.00700000	349.42000000	0.00640000	69.25000000
0.00700000	583.15000000	0.00699800	26.02000000
0.00672600	23.14000000	0.00650000	113.45000000
0.00700100	100.00000000	0.00640000	53.30000000
0.00700100	99.71000000	0.00621200	644.53000000
0.00700100	99.61000000	0.00661100	60.69000000
0.00700100	68.31000000	0.00650000	3033.10000000
0.00700100	68.31000000	0.00650000	2933.13000000
0.00700100	68.30000000	0.00650000	2321.04000000
0.00700000	329.37000000	0.00650000	1958.78000000
0.00640000	97.19000000	0.00630000	50.00000000
0.00650000	952.40000000	0.00621200	638.09000000
0.00650000	888.56000000	0.00621200	638.09000000
0.00650000	888.56000000	0.00621200	638.09000000
0.00650000	11.88000000	0.00621300	38.63000000
0.00650000	11.88000000	0.00621300	37.10000000
0.00658000	2.12000000	0.00621200	339.65000000
0.00650000	135.90000000	0.00621200	307.89000000
0.00658000	2.12000000	0.00650000	1072.28000000
0.00650000	632.78000000	0.00621200	293.39000000
0.00650000	644.85000000	0.00601000	1165.23000000
0.00650000	644.85000000	0.00621500	21.76000000
0.00650000	525.81000000	0.00601000	996.99000000
0.00650000	517.68000000	0.00620000	127.46000000
0.00650000	517.68000000	0.00620000	77.46000000
0.00649800	38.58000000	0.00620000	77.46000000
0.00649800	38.58000000	0.00621200	16.31000000
0.00649500	21.76000000	0.00621200	16.31000000
0.00649500	21.76000000	0.00621300	237.20000000
0.00649500	21.76000000	0.00620400	4.00000000
0.00649500	21.76000000	0.00601100	37.43000000
0.00649500	16.76000000	0.00621300	11.45000000
0.00649800	8.12000000	0.00621300	11.45000000
0.00649500	15.38000000	0.00621300	11.45000000
0.00649500	470.40000000	0.00605600	1081.90000000
0.00649400	681.22000000	0.00605800	1016.28000000
0.00649400	681.22000000	0.00605800	1016.28000000
0.00649300	8.12000000	0.00605800	1016.28000000
0.00649900	1037.80000000	0.00649400	52.00000000
0.00649900	935.72000000	0.00649400	0.01000000
0.00648300	21.37000000	0.00621300	100.00000000
0.00648300	21.37000000	0.00640000	6.22000000
0.00658000	146.66000000	0.00649900	44.28000000
0.00658000	146.66000000	0.00649900	44.28000000
0.00658000	146.64000000	0.00650000	16.27000000
0.00699900	227.83000000	0.00658100	714.39000000
0.00699900	227.83000000	0.00658200	995.00000000
0.00680000	13.12000000	0.00658200	995.00000000
0.00680000	13.12000000	0.00658200	824.15000000
0.00699900	227.83000000	0.00658200	808.96000000
0.00699900	227.83000000	0.00660600	990.06000000
0.00699900	140.81000000	0.00660600	985.98000000
0.00699900	138.23000000	0.00661000	770.05000000
0.00699900	129.23000000	0.00661100	658.85000000
0.00700000	365.80000000	0.00672600	53.98000000
0.00699900	38.92000000	0.00661100	1045.98000000
0.00672600	9.25000000	0.00670000	118.89000000
0.00699900	38.92000000	0.00670100	66.86000000
0.00700000	88.32000000	0.00670100	92.28000000
0.00700000	103.27000000	0.00670000	118.89000000
0.00700000	103.27000000	0.00670100	35.82000000
0.00700000	84.86000000	0.00670200	74.98000000
0.00699900	14.13000000	0.00670400	155.34000000
0.00699900	4.66000000	0.00670100	50.72000000
0.00699900	13.79000000	0.00670100	3.55000000
0.00699900	13.79000000	0.00670000	109.27000000
0.00699900	13.79000000	0.00670200	0.02000000
0.00699900	13.79000000	0.00670200	0.02000000
0.00699900	12.34000000	0.00670200	0.02000000
0.00699900	48.22000000	0.00670200	0.02000000
0.00700000	88.99000000	0.00670300	682.60000000
0.00699900	35.77000000	0.00670200	0.02000000
0.00700000	37.19000000	0.00670200	0.02000000
0.00700000	36.08000000	0.00699900	211.65000000
0.00699900	227.29000000	0.00670400	828.88000000
0.00699900	222.29000000	0.00670500	237.88000000
0.00699900	187.44000000	0.00670500	237.88000000
0.00699900	92.72000000	0.00670400	104.31000000
0.00700400	677.26000000	0.00670400	104.31000000
0.00699900	4.63000000	0.00670500	985.78000000
0.00700000	32.01000000	0.00673100	957.86000000
0.00700000	1.15000000	0.00680000	694.80000000
0.00699900	0.05000000	0.00680100	842.16000000
0.00699900	0.05000000	0.00680100	842.16000000
0.00699900	0.05000000	0.00680100	830.90000000
0.00680000	126.02000000	0.00673000	3.61000000
0.00680000	7.96000000	0.00673000	3.61000000
0.00680100	323.51000000	0.00673100	110.36000000
0.00680100	323.51000000	0.00673100	404.60000000
0.00680100	111.71000000	0.00680000	601.03000000
0.00699900	88.06000000	0.00680100	202.11000000
0.00700000	2968.08000000	0.00699900	70.80000000
0.00700000	2959.42000000	0.00699900	17.96000000
0.00700000	2475.37000000	0.00699900	17.96000000
0.00700000	2462.97000000	0.00699900	17.96000000
0.00700000	2173.02000000	0.00699900	31.77000000
0.00700000	1319.43000000	0.00680100	431.15000000
0.00700400	628.41000000	0.00699900	20.00000000
0.00700400	199.17000000	0.00700000	113.55000000
0.00700400	172.38000000	0.00700000	87.62000000
0.00700400	69.94000000	0.00700000	87.62000000
0.00700400	9.95000000	0.00700000	87.62000000
0.00716400	2.99000000	0.00701700	12.86000000
0.00716400	2.99000000	0.00701700	1.10000000
0.00716400	2.99000000	0.00701700	1.10000000
0.00716400	2.90000000	0.00701800	671.79000000
0.00719900	48.69000000	0.00700600	933.60000000
0.00721100	2.90000000	0.00700600	933.60000000
0.00724000	14.25000000	0.00720000	31.25000000
0.00725000	241.50000000	0.00720100	908.90000000
0.00725000	241.50000000	0.00720100	891.76000000
0.00725000	183.65000000	0.00720100	886.76000000
0.00739800	8.00000000	0.00720100	744.33000000
0.00739800	8.00000000	0.00720200	907.91000000
0.00739800	8.00000000	0.00721100	67.08000000
0.00739800	8.00000000	0.00721200	906.65000000
0.00739800	8.00000000	0.00721200	877.52000000
0.00739800	8.00000000	0.00721200	870.50000000
0.00740000	0.14000000	0.00721200	870.50000000
0.00738800	30.95000000	0.00721300	6.23000000
0.00740000	55.21000000	0.00730000	19.31000000
0.00745000	2390.78000000	0.00740100	735.65000000
0.00745000	1738.27000000	0.00740100	735.65000000
0.00745000	1560.03000000	0.00740100	735.65000000
0.00745000	1382.77000000	0.00740200	882.40000000
0.00750000	4138.67000000	0.00740200	882.40000000
0.00744900	133.97000000	0.00740200	877.41000000
0.00750000	3256.37000000	0.00745000	22.79000000
0.00760000	155.97000000	0.00750000	193.15000000
0.00760000	104.13000000	0.00750100	112.08000000
0.00760000	49.66000000	0.00750800	858.82000000
0.00760000	49.66000000	0.00750500	33.00000000
0.00770000	46.86000000	0.00750100	47.09000000
0.00770000	46.86000000	0.00750700	4.80000000
0.00770000	46.86000000	0.00760000	3.26000000
0.00770000	23.56000000	0.00760100	162.29000000
0.00760100	489.42000000	0.00750700	38.26000000
0.00760100	347.33000000	0.00750000	462.67000000
0.00760100	329.61000000	0.00750000	4.00000000
0.00770000	1.27000000	0.00760100	52.43000000
0.00770000	1.27000000	0.00755000	12.27000000
0.00774900	3.30000000	0.00770100	840.61000000
0.00790000	1189.06000000	0.00770100	732.79000000
0.00790000	1189.06000000	0.00774900	29.03000000
0.00780000	17.04000000	0.00770100	77.08000000
0.00780000	17.04000000	0.00770100	176.72000000
0.00790000	1146.20000000	0.00774900	11.40000000
0.00780000	531.26000000	0.00774900	11.40000000
0.00790000	1146.20000000	0.00780000	1346.67000000
0.00790000	1154.18000000	0.00780000	1123.86000000
0.00790000	855.42000000	0.00780000	1136.23000000
0.00790000	227.76000000	0.00780000	827.45000000
0.00790000	99.74000000	0.00780100	837.29000000
0.00790000	20.74000000	0.00780000	857.12000000
0.00789900	39.05000000	0.00780000	865.07000000
0.00800000	369.18000000	0.00790000	150.19000000
0.00800100	67.96000000	0.00800000	103.51000000
0.00800100	59.96000000	0.00800000	17.19000000
0.00800100	54.64000000	0.00800000	1.03000000
0.00820000	25.08000000	0.00800000	65.96000000
0.00820000	25.08000000	0.00800100	20.06000000
0.00820100	1.37000000	0.00800100	813.64000000
0.00821000	37.77000000	0.00820000	195.15000000
0.00831000	338.28000000	0.00800000	62.02000000
0.00831000	335.65000000	0.00820100	796.06000000
0.00831000	335.65000000	0.00820100	592.41000000
0.00831000	192.22000000	0.00821100	795.08000000
0.00841200	13.94000000	0.00831100	28.88000000
0.00849000	246.69000000	0.00831100	0.01000000
0.00850000	698.38000000	0.00831200	213.80000000
0.00841200	9.61000000	0.00831200	181.44000000
0.00849000	62.85000000	0.00831200	117.35000000
0.00849200	424.76000000	0.00831000	578.79000000
0.00849200	321.76000000	0.00831300	343.04000000
0.00849200	2.25000000	0.00831200	59.47000000
0.00849200	7.74000000	0.00831900	234.39000000
0.00850000	482.86000000	0.00849200	15.46000000
0.00849200	37.28000000	0.00831900	190.04000000
0.00849100	17.99000000	0.00831900	190.04000000
0.00849900	135.56000000	0.00832000	784.73000000
0.00860000	42.43000000	0.00850000	3391.32000000
0.00880000	4476.80000000	0.00850100	757.84000000
0.00880000	4466.93000000	0.00850100	757.84000000
0.00880000	4373.90000000	0.00860000	20.56000000
0.00880000	4139.06000000	0.00860300	266.01000000
0.00880000	3526.49000000	0.00860000	51.27000000
0.00880000	3067.79000000	0.00860500	306.06000000
0.00880000	2783.54000000	0.00860600	585.94000000
0.00880000	9.07000000	0.00860600	578.04000000
0.00891100	84.70000000	0.00880000	279.41000000
0.00890000	19.30000000	0.00860800	757.07000000
0.00890000	14.09000000	0.00889000	184.60000000
0.00890000	153.08000000	0.00880000	20.17000000
0.00891100	84.66000000	0.00880000	8.71000000
0.00900000	1738.34000000	0.00890000	97.03000000
0.00880000	113.01000000	0.00860900	292.68000000
0.00891100	132.58000000	0.00890000	745.08000000
0.00890000	94.89000000	0.00880000	56.22000000
0.00900000	789.99000000	0.00880000	15.55000000
0.00891100	36.33000000	0.00890000	272.20000000
0.00900000	378.18000000	0.00880100	1.05000000
0.00900000	130.83000000	0.00880000	20.19000000
0.00900000	61.27000000	0.00865000	5.89000000
0.00880000	56.84000000	0.00865000	5.89000000
0.00880000	45.33000000	0.00861000	145.28000000
0.00861000	1.96000000	0.00860600	51.22000000
0.00850100	277.01000000	0.00850000	627.87000000
0.00880000	8.90000000	0.00850000	107.26000000
0.00850000	90.65000000	0.00849200	195.80000000
0.00880000	8.90000000	0.00870000	3046.81000000
0.00870000	543.56000000	0.00800000	889.78000000
0.00830000	105.86000000	0.00800000	0.01000000
0.00830000	105.86000000	0.00780100	18.22000000
0.00830000	115.72000000	0.00770100	47.71000000
0.00830000	19.86000000	0.00760100	26.28000000
0.00850000	10.70000000	0.00750000	76.48000000
0.00800100	29.45000000	0.00760100	10.33000000
0.00830000	112.57000000	0.00760200	550.22000000
0.00850000	262.43000000	0.00700100	933.14000000
0.00850000	161.42000000	0.00700100	1102.82000000
0.00800000	25.02000000	0.00700100	1102.82000000
0.00850000	42.29000000	0.00780000	374.41000000
0.00740000	40.62000000	0.00700100	195.75000000
0.00780000	544.57000000	0.00700200	901.83000000
0.00750000	42.77000000	0.00710000	25.93000000
0.00750000	24.00000000	0.00700200	2752.23000000
0.00780000	259.41000000	0.00711200	21.59000000
0.00740000	4.17000000	0.00730000	7.00000000
0.00740000	7.93000000	0.00730000	3.09000000
0.00740000	7.93000000	0.00730000	3.09000000
0.00750000	173.00000000	0.00730100	23.44000000
0.00730000	80.06000000	0.00711300	672.53000000
0.00750000	9.88000000	0.00711300	672.53000000
0.00750000	104.75000000	0.00711500	918.60000000
0.00750000	104.75000000	0.00730000	12.70000000
0.00730100	9.78000000	0.00711500	80.44000000
0.00710000	639.29000000	0.00700200	183.41000000
0.00730100	1.78000000	0.00720000	87.14000000
0.00740000	12.00000000	0.00700400	201.47000000
0.00740000	10.60000000	0.00701000	1128.45000000
0.00779900	31.07000000	0.00701000	861.47000000
0.00750000	53.01000000	0.00730000	84.22000000
0.00730000	50.64000000	0.00701000	432.19000000
0.00730000	50.38000000	0.00701000	335.78000000
0.00730000	29.45000000	0.00710000	971.36000000
0.00730000	0.02000000	0.00711300	118.06000000
0.00730000	19.56000000	0.00711300	118.06000000
0.00749900	2932.84000000	0.00711300	113.07000000
0.00730000	97.66000000	0.00710500	32.19000000
0.00730000	1130.03000000	0.00710600	224.93000000
0.00730000	1105.00000000	0.00701200	7.97000000
0.00730000	1105.00000000	0.00711300	102.78000000
0.00730000	1028.40000000	0.00711300	59.03000000
0.00730000	1018.39000000	0.00711300	2.27000000
0.00730000	995.29000000	0.00715100	91.92000000
0.00710000	224.29000000	0.00701200	7.97000000
0.00729900	2872.49000000	0.00710000	1302.09000000
0.00729900	2872.49000000	0.00710000	1507.52000000
0.00729900	2765.92000000	0.00710000	1272.56000000
0.00729900	2589.74000000	0.00710000	1709.56000000
0.00729800	27.86000000	0.00710000	1952.45000000
0.00729900	2038.64000000	0.00710000	2015.63000000
0.00729000	1127.32000000	0.00710000	1982.76000000
0.00750000	115.55000000	0.00710000	1982.76000000
0.00750000	115.55000000	0.00729900	100.00000000
0.00750000	520.99000000	0.00729900	103.11000000
0.00750000	509.25000000	0.00730000	884.92000000
0.00780000	24.72000000	0.00730000	884.92000000
0.00780000	24.72000000	0.00730000	884.92000000
0.00779900	42.00000000	0.00764300	4.59000000
0.00779900	42.00000000	0.00750000	121.76000000
0.00779900	150.89000000	0.00750000	85.32000000
0.00779900	98.39000000	0.00750100	207.57000000
0.00779900	98.39000000	0.00750200	19.00000000
0.00750000	80.19000000	0.00730100	893.33000000
0.00780000	68.34000000	0.00730100	868.18000000
0.00750200	285.43000000	0.00730200	926.02000000
0.00750200	254.92000000	0.00730000	730.23000000
0.00750000	14.00000000	0.00730000	745.34000000
0.00740000	54.35000000	0.00729800	74.81000000
0.00730700	40.93000000	0.00720000	119.89000000
0.00730000	24.99000000	0.00720000	119.89000000
0.00720000	96.00000000	0.00710100	245.46000000
0.00730000	62.76000000	0.00710100	219.72000000
0.00726400	5.35000000	0.00710100	201.49000000
0.00730000	21.12000000	0.00710000	2170.24000000
0.00730000	14.66000000	0.00710000	2141.31000000
0.00729900	32.81000000	0.00710000	1093.18000000
0.00729900	32.81000000	0.00710100	583.05000000
0.00740000	226.75000000	0.00730000	91.23000000
0.00730000	223.03000000	0.00710100	351.17000000
0.00730000	187.03000000	0.00710000	962.86000000
0.00710100	1342.55000000	0.00704000	4.00000000
0.00710100	945.36000000	0.00710000	997.55000000
0.00710100	927.32000000	0.00710000	836.63000000
0.00710100	914.04000000	0.00710000	836.63000000
0.00710100	865.29000000	0.00710000	516.91000000
0.00710100	865.29000000	0.00710000	455.36000000
0.00710100	807.35000000	0.00710000	455.36000000
0.00710100	627.41000000	0.00710000	459.20000000
0.00710100	523.31000000	0.00710000	325.37000000
0.00730000	764.49000000	0.00704000	0.06000000
0.00730000	764.49000000	0.00710100	289.32000000
0.00730000	761.90000000	0.00710100	71.26000000
0.00730000	729.73000000	0.00710100	108.62000000
0.00730000	728.77000000	0.00710100	141.75000000
0.00710000	194.02000000	0.00701000	1597.34000000
0.00710000	209.82000000	0.00701000	2471.58000000
0.00710100	177.59000000	0.00701000	2471.58000000
0.00710100	7.56000000	0.00701200	31.69000000
0.00710100	989.03000000	0.00701200	59.36000000
0.00710000	37.13000000	0.00701000	1454.99000000
0.00710000	37.13000000	0.00701000	1454.99000000
0.00710000	511.79000000	0.00704000	32.58000000
0.00709900	30.71000000	0.00704000	32.58000000
0.00710000	450.99000000	0.00704000	32.58000000
0.00704000	30.74000000	0.00701000	1496.53000000
0.00710000	205.37000000	0.00701500	91.70000000
0.00710000	191.81000000	0.00701500	23.79000000
0.00709900	42.16000000	0.00701500	23.79000000
0.00709900	42.16000000	0.00701500	11.02000000
0.00709900	42.16000000	0.00704000	12.56000000
0.00709900	42.01000000	0.00704000	12.56000000
0.00709900	14.17000000	0.00704000	12.56000000
0.00709900	495.93000000	0.00704000	12.56000000
0.00709900	495.93000000	0.00704000	12.56000000
0.00705000	138.92000000	0.00701500	43.25000000
0.00705000	101.99000000	0.00701500	40.91000000
0.00709900	170.07000000	0.00705000	54.54000000
0.00709900	146.34000000	0.00705000	54.54000000
0.00710000	166.24000000	0.00705000	516.99000000
0.00710000	160.62000000	0.00709900	3.59000000
0.00710000	134.58000000	0.00709900	3.59000000
0.00720000	11.98000000	0.00710100	307.56000000
0.00730000	1172.63000000	0.00710100	307.06000000
0.00730000	1166.24000000	0.00710200	137.20000000
0.00730000	1166.24000000	0.00710100	11.76000000
0.00730000	1166.24000000	0.00710100	11.76000000
0.00730000	972.26000000	0.00710200	928.50000000
0.00730000	968.97000000	0.00711900	881.89000000
0.00730000	878.14000000	0.00711900	881.89000000
0.00740000	226.75000000	0.00730000	302.96000000
0.00740000	179.07000000	0.00730000	0.05000000
0.00740000	179.07000000	0.00730100	41.67000000
0.00750000	297.87000000	0.00730200	86.55000000
0.00750000	0.04000000	0.00740100	883.42000000
0.00755000	11.53000000	0.00740100	875.95000000
0.00769000	90.97000000	0.00740100	875.95000000
0.00769000	44.44000000	0.00740200	882.95000000
0.00749900	29.93000000	0.00740100	11.99000000
0.00769000	33.25000000	0.00750000	113.87000000
0.00760000	36.01000000	0.00750000	103.83000000
0.00740200	4.73000000	0.00740000	189.52000000
0.00750000	190.12000000	0.00720100	610.87000000
0.00769000	182.26000000	0.00720000	96.75000000
0.00769000	182.26000000	0.00720200	907.31000000
0.00769000	142.64000000	0.00740100	25.65000000
0.00769000	132.28000000	0.00740100	0.16000000
0.00750000	9.64000000	0.00740000	564.54000000
0.00750000	217.39000000	0.00740000	539.73000000
0.00730000	417.14000000	0.00720000	1978.99000000
0.00740000	1312.84000000	0.00720000	2066.80000000
0.00740000	1165.36000000	0.00720100	25.42000000
0.00740000	1165.36000000	0.00720100	25.42000000
0.00740000	1164.36000000	0.00730000	2.96000000
0.00720100	98.94000000	0.00712300	28.12000000
0.00720100	174.87000000	0.00712300	28.12000000
0.00720000	726.65000000	0.00710500	25.39000000
0.00720000	529.51000000	0.00710000	2455.23000000
0.00720000	434.36000000	0.00710000	119.39000000
0.00720000	281.39000000	0.00710000	119.39000000
0.00720100	170.12000000	0.00720000	79.58000000
0.00705000	113.40000000	0.00704000	110.73000000
0.00709900	20.84000000	0.00701200	104.46000000
0.00710200	25.91000000	0.00710000	136.46000000
0.00719800	70.44000000	0.00708000	0.01000000
0.00719800	70.09000000	0.00708000	0.01000000
0.00701000	474.45000000	0.00700300	378.85000000
0.00701000	13.81000000	0.00700300	373.85000000
0.00710100	798.74000000	0.00708000	468.07000000
0.00710100	630.74000000	0.00709900	9.26000000
0.00710100	598.73000000	0.00708000	3462.97000000
0.00710100	172.35000000	0.00708000	3048.64000000
0.00710100	172.35000000	0.00708000	3048.64000000
0.00710000	11.97000000	0.00708000	1909.96000000
0.00729900	27.83000000	0.00708000	1067.23000000
0.00720100	112.46000000	0.00708000	928.12000000
0.00720100	112.46000000	0.00708000	781.11000000
0.00710000	18.00000000	0.00708000	678.63000000
0.00710000	9.41000000	0.00708000	2646.52000000
0.00720100	106.90000000	0.00710200	3.00000000
0.00710000	0.44000000	0.00708000	2421.66000000
0.00710100	233.50000000	0.00708000	2416.71000000
0.00710100	171.61000000	0.00708000	2296.53000000
0.00710100	163.49000000	0.00708000	2170.70000000
0.00710100	163.49000000	0.00708000	1463.19000000
0.00710100	163.49000000	0.00709900	2.98000000
0.00710000	48.00000000	0.00708000	1510.64000000
0.00710000	48.00000000	0.00708000	1264.38000000
0.00710000	36.73000000	0.00708000	356.03000000
0.00710000	36.73000000	0.00708000	342.89000000
0.00708000	582.22000000	0.00705100	29.18000000
0.00708000	382.22000000	0.00705100	69.32000000
0.00708000	382.22000000	0.00705000	17.89000000
0.00708000	307.21000000	0.00705000	17.89000000
0.00708000	296.17000000	0.00705100	9.57000000
0.00705000	62.91000000	0.00704000	737.30000000
0.00705000	25.05000000	0.00704000	650.46000000
0.00708000	139.78000000	0.00705000	49.99000000
0.00710000	25.06000000	0.00708000	179.52000000
0.00708000	405.65000000	0.00705000	49.99000000
0.00708000	405.65000000	0.00705000	49.99000000
0.00708000	405.65000000	0.00705000	976.89000000
0.00708000	326.84000000	0.00705000	1066.31000000
0.00708000	320.55000000	0.00705000	139.41000000
0.00708000	246.83000000	0.00705000	170.06000000
0.00708000	244.89000000	0.00705000	170.06000000
0.00708000	583.70000000	0.00705300	14.78000000
0.00708000	583.70000000	0.00705300	14.78000000
0.00708000	465.80000000	0.00705300	14.78000000
0.00708000	354.28000000	0.00705300	14.78000000
0.00708000	315.11000000	0.00705300	14.78000000
0.00708000	290.15000000	0.00705300	7.07000000
0.00708000	285.87000000	0.00705300	7.07000000
0.00708000	285.87000000	0.00701600	1176.12000000
0.00708000	285.87000000	0.00701700	930.73000000
0.00710100	31.69000000	0.00701700	930.73000000
0.00708000	1749.18000000	0.00701600	1079.07000000
0.00708000	1607.94000000	0.00701600	1079.07000000
0.00708000	1607.94000000	0.00701600	1079.07000000
0.00708000	1577.07000000	0.00701800	74.65000000
0.00708000	1623.86000000	0.00702000	138.97000000
0.00708000	1622.36000000	0.00702000	185.60000000
0.00708000	1637.34000000	0.00701600	479.00000000
0.00708000	1635.65000000	0.00701600	117.41000000
0.00701600	242.60000000	0.00700200	1961.89000000
0.00701600	158.95000000	0.00700200	799.21000000
0.00701600	98.28000000	0.00700200	583.39000000
0.00708000	1078.25000000	0.00701600	89.63000000
0.00708000	1078.25000000	0.00701600	127.75000000
0.00708000	1149.93000000	0.00701600	127.75000000
0.00708000	1149.93000000	0.00707100	2.88000000
0.00708000	1110.29000000	0.00701600	98.60000000
0.00708000	1098.50000000	0.00700000	10308.63000000
0.00708000	1108.61000000	0.00700000	8999.18000000
0.00707900	84.50000000	0.00700000	8864.66000000
0.00707900	82.50000000	0.00700000	8867.31000000
0.00707900	82.50000000	0.00700000	8863.01000000
0.00707900	69.63000000	0.00700000	8863.01000000
0.00707900	69.63000000	0.00702000	14.14000000
0.00707900	64.86000000	0.00702000	14.14000000
0.00702000	0.02000000	0.00700000	8612.66000000
0.00701600	242.03000000	0.00700000	9838.72000000
0.00701600	200.93000000	0.00700000	9838.72000000
0.00701600	119.60000000	0.00700000	9665.34000000
0.00701600	13.90000000	0.00700000	9692.53000000
0.00701600	13.90000000	0.00700000	9510.68000000
0.00707900	22.40000000	0.00700000	9679.11000000
0.00705000	70.64000000	0.00700200	972.31000000
0.00705000	70.64000000	0.00701600	160.66000000
0.00705000	70.64000000	0.00701600	160.66000000
0.00705000	70.64000000	0.00701600	160.66000000
0.00707900	35.71000000	0.00701600	160.66000000
0.00707900	35.71000000	0.00701600	146.35000000
0.00707900	35.71000000	0.00701600	146.35000000
0.00705000	17.86000000	0.00701600	15.42000000
0.00705000	133.77000000	0.00701600	15.42000000
0.00705000	133.77000000	0.00701600	15.42000000
0.00705000	13.16000000	0.00700200	894.60000000
0.00708000	161.36000000	0.00705000	5.90000000
0.00705000	69.73000000	0.00700300	58.84000000
0.00705000	68.73000000	0.00700300	58.84000000
0.00705000	68.73000000	0.00701600	2.57000000
0.00705000	110.78000000	0.00701600	2.57000000
0.00705000	110.78000000	0.00700300	51.10000000
0.00705000	110.78000000	0.00700400	32.91000000
0.00705000	67.34000000	0.00701600	83.57000000
0.00705000	136.19000000	0.00701600	8.71000000
0.00705000	136.19000000	0.00701000	5.25000000
0.00701000	0.59000000	0.00700200	109.56000000
0.00701000	0.59000000	0.00700200	109.56000000
0.00700100	39.45000000	0.00700000	8120.97000000
0.00700100	36.01000000	0.00700000	7772.08000000
0.00701600	127.65000000	0.00700000	7586.57000000
0.00700200	83.75000000	0.00700000	7591.57000000
0.00700200	83.75000000	0.00700000	7330.26000000
0.00700000	2638.83000000	0.00695100	185.65000000
0.00685000	17.08000000	0.00680100	96.14000000
0.00695100	215.50000000	0.00680200	913.22000000
0.00695000	916.92000000	0.00680300	431.30000000
0.00695000	906.93000000	0.00680100	96.14000000
0.00680300	25.67000000	0.00680100	1.69000000
0.00680200	70.43000000	0.00680000	327.60000000
0.00680000	945.45000000	0.00677100	8.28000000
0.00680000	980.60000000	0.00670100	972.61000000
0.00680000	960.13000000	0.00670100	972.61000000
0.00680000	935.13000000	0.00670100	917.66000000
0.00680000	887.09000000	0.00670200	43.62000000
0.00650000	601.82000000	0.00648300	7.83000000
0.00670100	226.05000000	0.00650000	582.94000000
0.00670100	158.89000000	0.00650100	141.24000000
0.00670100	326.94000000	0.00650000	475.13000000
0.00670000	115.04000000	0.00620000	161.17000000
0.00650000	196.52000000	0.00620100	834.43000000
0.00650000	155.62000000	0.00620200	1051.78000000
0.00643000	0.43000000	0.00620300	1051.80000000
0.00650000	165.38000000	0.00620300	1051.80000000
0.00649900	38.60000000	0.00620000	157.78000000
0.00649900	38.60000000	0.00620000	142.15000000
0.00640000	205.06000000	0.00620000	105.41000000
0.00640000	205.06000000	0.00620000	76.85000000
0.00640000	205.06000000	0.00620000	72.69000000
0.00640000	138.20000000	0.00620000	52.30000000
0.00640000	155.41000000	0.00620200	94.22000000
0.00640000	381.62000000	0.00620200	59.66000000
0.00640000	359.30000000	0.00620000	504.75000000
0.00640000	344.95000000	0.00620100	1052.22000000
0.00630000	90.10000000	0.00620100	1052.22000000
0.00649800	839.10000000	0.00640000	135.04000000
0.00649800	839.10000000	0.00640100	1019.01000000
0.00649800	838.80000000	0.00640100	975.37000000
0.00664800	7.28000000	0.00650000	834.62000000
0.00664800	7.06000000	0.00650100	37.00000000
0.00670000	92.47000000	0.00664800	0.79000000
0.00670000	90.44000000	0.00650100	812.41000000
0.00670000	90.44000000	0.00650100	1003.74000000
0.00670000	90.44000000	0.00650100	929.10000000
0.00670100	73.76000000	0.00670000	1894.06000000
0.00670100	72.76000000	0.00670000	1679.60000000
0.00670100	72.76000000	0.00670000	1445.35000000
0.00670100	72.76000000	0.00670000	1445.35000000
0.00680000	154.18000000	0.00670000	1438.64000000
0.00680000	143.71000000	0.00670100	973.80000000
0.00679900	36.90000000	0.00670200	973.67000000
0.00679900	36.90000000	0.00670200	973.67000000
0.00680200	9.64000000	0.00670000	755.10000000
0.00670000	276.88000000	0.00650200	994.78000000
0.00670000	344.55000000	0.00650200	994.78000000
0.00670000	334.55000000	0.00650200	994.78000000
0.00670000	334.55000000	0.00650200	1000.90000000
0.00670000	320.35000000	0.00650300	206.16000000
0.00670000	329.72000000	0.00660000	121.76000000
0.00670000	329.72000000	0.00650100	66.47000000
0.00670000	329.72000000	0.00650000	1861.75000000
0.00650100	8.43000000	0.00650000	780.04000000
0.00650300	19.39000000	0.00650100	810.92000000
0.00650300	11.39000000	0.00650100	768.12000000
0.00650300	11.39000000	0.00650100	705.39000000
0.00650300	11.39000000	0.00650100	227.70000000
0.00650300	35.30000000	0.00650100	77.86000000
0.00650300	35.30000000	0.00650100	87.86000000
0.00670100	107.71000000	0.00650100	36.99000000
0.00660000	132.70000000	0.00650100	11.14000000
0.00650100	24.20000000	0.00650000	3074.67000000
0.00650100	24.20000000	0.00650000	2773.28000000
0.00650100	20.13000000	0.00650000	2773.28000000
0.00650000	7426.13000000	0.00641700	1016.25000000
0.00650000	7378.85000000	0.00641600	2.60000000
0.00649900	6.12000000	0.00641600	2.60000000
0.00650000	7116.80000000	0.00641600	1.49000000
0.00640000	0.75000000	0.00620900	163.51000000
0.00650000	7027.80000000	0.00640000	13.25000000
0.00650000	6962.87000000	0.00640000	13.25000000
0.00640000	13.25000000	0.00620900	104.02000000
0.00636000	25.63000000	0.00621000	1049.86000000
0.00649900	354.97000000	0.00640000	77.39000000
0.00640000	8.20000000	0.00621200	1043.57000000
0.00640000	51.37000000	0.00621100	33.60000000
0.00640000	109.20000000	0.00621100	33.60000000
0.00640000	45.83000000	0.00621100	33.60000000
0.00621200	21.11000000	0.00620200	20.15000000
0.00621200	80.55000000	0.00620200	19.04000000
0.00621200	80.55000000	0.00620100	40.17000000
0.00621200	41.11000000	0.00620900	33.32000000
0.00640000	378.02000000	0.00620900	33.32000000
0.00639900	553.52000000	0.00621200	22.03000000
0.00639900	551.25000000	0.00621200	22.03000000
0.00639900	385.23000000	0.00620100	78.27000000
0.00638800	21.97000000	0.00620000	927.33000000
0.00638800	21.45000000	0.00620000	1643.64000000
0.00638800	35.81000000	0.00620000	1188.06000000
0.00638800	84.55000000	0.00620000	1008.71000000
0.00620000	142.91000000	0.00605800	165.16000000
0.00620000	122.62000000	0.00605800	165.16000000
0.00620000	122.62000000	0.00605800	165.16000000
0.00606000	1134.35000000	0.00600000	1677.93000000
0.00606000	1118.67000000	0.00600000	1653.83000000
0.00606000	1118.67000000	0.00600000	1065.69000000
0.00600000	882.51000000	0.00590000	138.85000000
0.00589700	217.31000000	0.00560000	45.67000000
0.00589800	166.53000000	0.00560100	840.33000000
0.00590000	95.35000000	0.00560100	838.89000000
0.00589700	208.48000000	0.00560100	838.89000000
0.00589700	208.48000000	0.00560000	42.13000000
0.00589700	201.68000000	0.00560100	1138.03000000
0.00589500	133.80000000	0.00560300	1163.61000000
0.00589500	109.38000000	0.00560000	1347.24000000
0.00589500	104.61000000	0.00560100	1142.55000000
0.00580000	201.38000000	0.00560100	1142.55000000
0.00580000	201.38000000	0.00560100	968.00000000
0.00579900	42.00000000	0.00560100	936.23000000
0.00580000	124.56000000	0.00560100	987.40000000
0.00580000	180.85000000	0.00560200	1163.67000000
0.00580000	155.53000000	0.00560200	1163.66000000
0.00580000	266.87000000	0.00560200	1129.24000000
0.00580000	266.87000000	0.00560200	1088.96000000
0.00570000	84.22000000	0.00560300	8.31000000
0.00580000	252.05000000	0.00550200	1185.28000000
0.00580000	244.05000000	0.00560200	80.53000000
0.00580000	244.05000000	0.00560200	80.53000000
0.00589400	759.38000000	0.00580000	186.69000000
0.00589400	759.38000000	0.00580100	1052.58000000
0.00589400	759.38000000	0.00580100	426.48000000
0.00600000	2791.97000000	0.00580100	886.60000000
0.00600000	1842.07000000	0.00580100	491.69000000
0.00600000	1516.88000000	0.00580200	664.05000000
0.00600000	1229.83000000	0.00580000	4.96000000
0.00600000	1153.59000000	0.00580000	40.00000000
0.00599900	202.40000000	0.00580200	1846.89000000
0.00599900	81.23000000	0.00580200	1846.89000000
0.00600000	146.85000000	0.00589700	95.45000000
0.00600000	174.21000000	0.00589900	1104.61000000
0.00600000	174.21000000	0.00589900	1098.09000000
0.00620000	28.21000000	0.00589900	1098.09000000
0.00600000	21.87000000	0.00589900	1098.09000000
0.00620000	5.29000000	0.00585000	64.77000000
0.00620000	5.29000000	0.00585100	1048.47000000
0.00600000	76.09000000	0.00585000	64.77000000
0.00700000	1742.11000000	0.00589500	5.00000000
0.00700000	1742.11000000	0.00589600	481.38000000
0.00600000	152.59000000	0.00580300	862.92000000
0.00600000	145.80000000	0.00589900	83.11000000
0.00694000	10.00000000	0.00600100	1086.43000000
0.00694000	10.00000000	0.00600100	1086.43000000
0.00694000	4.99000000	0.00600100	1086.43000000
0.00699900	34.66000000	0.00600100	968.70000000
0.00675000	10.00000000	0.00600100	968.70000000
0.00680000	216.02000000	0.00600100	985.70000000
0.00620000	240.82000000	0.00600100	580.74000000
0.00620000	277.21000000	0.00600200	1836.42000000
0.00675000	10.00000000	0.00620000	151.96000000
0.00679900	88.56000000	0.00600300	1079.72000000
0.00679900	88.56000000	0.00620100	464.21000000
0.00679900	87.33000000	0.00620200	1039.41000000
0.00679900	87.33000000	0.00620200	1039.41000000
0.00680000	102.82000000	0.00640000	76.61000000
0.00680000	102.35000000	0.00679900	2311.47000000
0.00650000	307.94000000	0.00610000	901.42000000
0.00670000	4.05000000	0.00620200	1097.99000000
0.00670000	4.05000000	0.00620400	1050.71000000
0.00670000	4.05000000	0.00620400	1050.71000000
0.00679900	12.00000000	0.00620400	1050.93000000
0.00679900	8.00000000	0.00620400	990.93000000
0.00670000	127.45000000	0.00620400	1684.41000000
0.00670000	29.25000000	0.00630100	1035.55000000
0.00665600	160.67000000	0.00630100	1011.65000000
0.00665600	160.67000000	0.00630000	78.84000000
0.00665600	160.67000000	0.00630000	352.53000000
0.00650000	53.00000000	0.00632000	158.73000000
0.00632100	72.03000000	0.00630000	2998.93000000
0.00632100	72.03000000	0.00630400	12.38000000
0.00632100	52.77000000	0.00610000	559.21000000
0.00630000	91.78000000	0.00610000	486.96000000
0.00630200	22.86000000	0.00610000	151.65000000
0.00630200	22.86000000	0.00610000	151.65000000
0.00630000	874.00000000	0.00610000	80.01000000
0.00620000	82.22000000	0.00610100	11.50000000
0.00618500	10.45000000	0.00600100	107.66000000
0.00618500	10.45000000	0.00600100	107.66000000
0.00620000	24.05000000	0.00600200	44.91000000
0.00600100	157.65000000	0.00589900	145.22000000
0.00599900	35.73000000	0.00589900	145.22000000
0.00600000	349.17000000	0.00588800	15.47000000
0.00588800	67.44000000	0.00585100	2.16000000
0.00600000	171.26000000	0.00590000	678.01000000
0.00580200	79.73000000	0.00570000	119.66000000
0.00590000	43.70000000	0.00580200	1.91000000
0.00580200	8.90000000	0.00560600	1163.84000000
0.00590000	36.61000000	0.00560600	1119.99000000
0.00590000	26.61000000	0.00560600	1119.99000000
0.00590000	134.32000000	0.00560600	1168.75000000
0.00590000	134.32000000	0.00560700	47.92000000
0.00590000	64.73000000	0.00560700	47.92000000
0.00580000	103.06000000	0.00560700	779.87000000
0.00590000	351.47000000	0.00560800	1163.23000000
0.00570000	123.48000000	0.00560700	584.08000000
0.00560700	50.00000000	0.00560600	0.47000000
0.00560000	1166.52000000	0.00550000	1366.55000000
0.00560000	954.52000000	0.00550000	1045.33000000
0.00560000	861.24000000	0.00550000	189.09000000
0.00550000	1945.95000000	0.00540200	37.00000000
0.00550000	1940.61000000	0.00540200	37.00000000
0.00550000	1701.01000000	0.00540200	37.00000000
0.00550000	1105.09000000	0.00525000	98.01000000
0.00550000	1101.09000000	0.00525100	1095.41000000
0.00540200	5.42000000	0.00525100	949.41000000
0.00550000	1057.29000000	0.00525100	932.71000000
0.00540000	23.65000000	0.00525100	841.05000000
0.00549900	40.98000000	0.00530000	4.00000000
0.00549900	40.98000000	0.00525000	73.01000000
0.00549800	109.59000000	0.00522100	186.28000000
0.00540000	133.48000000	0.00522100	186.28000000
0.00520000	338.36000000	0.00515000	883.35000000
0.00519000	141.53000000	0.00515000	756.92000000
0.00520000	731.53000000	0.00515000	756.92000000
0.00515000	770.18000000	0.00511600	8.99000000
0.00511600	650.52000000	0.00511100	5.66000000
0.00511600	480.04000000	0.00510000	385.92000000
0.00520000	990.30000000	0.00511600	78.64000000
0.00511600	338.47000000	0.00505000	1047.20000000
0.00511600	338.47000000	0.00505100	139.62000000
0.00511700	135.02000000	0.00511600	66.00000000
0.00520000	983.91000000	0.00515000	42.37000000
0.00511600	492.84000000	0.00505100	1274.78000000
0.00520000	983.35000000	0.00511600	675.03000000
0.00549800	109.59000000	0.00522200	1248.15000000
0.00549800	109.59000000	0.00522200	1051.22000000
0.00549800	109.59000000	0.00522100	24.37000000
0.00549800	109.59000000	0.00520000	24.71000000
0.00549800	109.59000000	0.00520100	1195.71000000
0.00549900	613.09000000	0.00549800	44.65000000
0.00560700	20.26000000	0.00549800	44.65000000
0.00560700	20.26000000	0.00549800	44.65000000
0.00570000	141.37000000	0.00550100	343.93000000
0.00570000	127.04000000	0.00550100	174.13000000
0.00570000	127.04000000	0.00550300	1184.58000000
0.00570000	127.04000000	0.00550300	1156.45000000
0.00550300	5165.70000000	0.00550100	174.13000000
0.00550300	5410.66000000	0.00520000	13.13000000
0.00550300	5310.02000000	0.00515000	17.39000000
0.00550300	4460.94000000	0.00515100	27.53000000
0.00550300	4460.94000000	0.00515100	65.53000000
0.00550000	4.06000000	0.00515400	118.81000000
0.00550300	4330.53000000	0.00515400	118.81000000
0.00550300	4180.17000000	0.00515300	307.55000000
0.00550300	4014.59000000	0.00530000	289.94000000
0.00515300	511.49000000	0.00515100	3414.09000000
0.00515100	307.43000000	0.00505100	134.89000000
0.00515100	283.00000000	0.00505100	134.89000000
0.00515100	51.24000000	0.00505000	285.46000000
0.00510100	9.83000000	0.00504000	70.96000000
0.00505100	6.50000000	0.00500300	29.55000000
0.00500100	339.84000000	0.00500000	8128.70000000
0.00500100	279.85000000	0.00500000	3981.31000000
0.00500100	241.46000000	0.00500000	1701.77000000
0.00500100	218.37000000	0.00500000	1688.77000000
0.00500100	203.37000000	0.00500000	919.34000000
0.00500100	203.37000000	0.00500000	859.31000000
0.00500000	3333.91000000	0.00490100	1328.09000000
0.00500000	3325.86000000	0.00490100	1286.67000000
0.00500000	4090.05000000	0.00490100	1286.67000000
0.00500000	3986.69000000	0.00490200	1326.32000000
0.00500000	3986.69000000	0.00490200	1304.84000000
0.00500000	4032.97000000	0.00490200	1266.24000000
0.00500000	3999.02000000	0.00490200	8.49000000
0.00500000	3576.45000000	0.00490200	1.28000000
0.00500000	3814.27000000	0.00490200	504.68000000
0.00500000	3809.52000000	0.00490200	504.68000000
0.00500100	37.43000000	0.00500000	80.51000000
0.00510000	18.89000000	0.00500100	285.38000000
0.00510000	18.65000000	0.00490400	334.81000000
0.00500000	82.76000000	0.00490500	1327.36000000
0.00510000	18.59000000	0.00500000	17.66000000
0.00510000	18.59000000	0.00500100	1257.86000000
0.00510000	25.77000000	0.00500100	1015.19000000
0.00510000	25.77000000	0.00500100	1015.19000000
0.00515000	99.95000000	0.00511700	1271.53000000
0.00500100	59.60000000	0.00490600	1326.83000000
0.00520000	31.66000000	0.00515100	346.79000000
0.00520000	31.66000000	0.00500100	59.55000000
0.00520000	31.66000000	0.00515000	413.83000000
0.00520000	31.66000000	0.00515000	181.16000000
0.00520000	10.89000000	0.00515000	0.01000000
0.00520000	10.89000000	0.00515100	1158.54000000
0.00520000	10.89000000	0.00515100	1158.54000000
0.00520000	135.88000000	0.00515100	1158.54000000
0.00520000	135.88000000	0.00515100	1158.54000000
0.00528300	15.30000000	0.00515100	1154.71000000
0.00528300	15.30000000	0.00515100	838.90000000
0.00528300	15.28000000	0.00515000	0.01000000
0.00528200	9.29000000	0.00515300	1238.45000000
0.00528200	9.29000000	0.00515300	1238.45000000
0.00528200	9.29000000	0.00520000	30.59000000
0.00515000	40.68000000	0.00510000	74.91000000
0.00520000	2.65000000	0.00515000	28.00000000
0.00515000	26.46000000	0.00510000	74.91000000
0.00515000	26.46000000	0.00510000	74.91000000
0.00515100	24.55000000	0.00515000	9.85000000
0.00515000	144.64000000	0.00510000	74.91000000
0.00515000	155.18000000	0.00510000	74.91000000
0.00515000	2144.54000000	0.00510000	63.76000000
0.00515000	2184.54000000	0.00510000	51.39000000
0.00515000	2225.13000000	0.00500600	973.78000000
0.00510000	33.28000000	0.00500600	973.78000000
0.00515000	1796.59000000	0.00501400	361.18000000
0.00515000	1796.59000000	0.00501300	19.64000000
0.00515000	1796.59000000	0.00500500	148.70000000
0.00515000	1796.59000000	0.00500500	22.71000000
0.00515000	1427.53000000	0.00500500	65.50000000
0.00515000	1450.91000000	0.00501400	13.69000000
0.00515000	1450.91000000	0.00501400	13.69000000
0.00501400	32.00000000	0.00500500	213.03000000
0.00501400	21.69000000	0.00500500	213.03000000
0.00500600	250.77000000	0.00500500	213.03000000
0.00500600	245.77000000	0.00500200	65.88000000
0.00500600	74.09000000	0.00500100	159.52000000
0.00500600	74.09000000	0.00500500	90.27000000
0.00501400	9.70000000	0.00500300	30.14000000
0.00501400	9.70000000	0.00500300	30.14000000
0.00510000	104.50000000	0.00500300	30.14000000
0.00510000	85.13000000	0.00500300	12.10000000
0.00510000	85.13000000	0.00500300	11.71000000
0.00510000	85.13000000	0.00500300	21.71000000
0.00501400	61.46000000	0.00500400	6.07000000
0.00501400	51.46000000	0.00500400	6.07000000
0.00500300	184.03000000	0.00500100	65.29000000
0.00501400	116.10000000	0.00500500	28.16000000
0.00501400	116.10000000	0.00500100	38.63000000
0.00500400	9.95000000	0.00500100	32.82000000
0.00500400	9.95000000	0.00500100	20.94000000
0.00510000	481.49000000	0.00501400	278.14000000
0.00510000	514.68000000	0.00501600	1295.07000000
0.00510000	514.68000000	0.00501700	1294.75000000
0.00509900	255.00000000	0.00501700	1294.75000000
0.00509900	215.12000000	0.00501700	1294.75000000
0.00514400	43.38000000	0.00501700	1191.97000000
0.00514400	43.38000000	0.00510000	8.00000000
0.00514900	991.65000000	0.00514400	86.00000000
0.00514900	912.89000000	0.00514400	86.00000000
0.00515100	0.86000000	0.00502000	251.99000000
0.00520000	969.95000000	0.00502100	1295.59000000
0.00528100	62.18000000	0.00502100	1263.19000000
0.00529900	1430.41000000	0.00528300	15.33000000
0.00529900	1430.41000000	0.00528300	15.33000000
0.00529900	1430.41000000	0.00528300	15.33000000
0.00529900	1260.72000000	0.00528300	10.68000000
0.00530000	78.44000000	0.00529900	54.13000000
0.00529700	123.73000000	0.00528300	10.68000000
0.00550000	250.87000000	0.00529900	12.56000000
0.00550300	8.00000000	0.00550000	1778.83000000
0.00550300	7.99000000	0.00550000	1676.52000000
0.00550000	943.12000000	0.00529900	6.89000000
0.00550000	1048.76000000	0.00530000	58.96000000
0.00549900	4144.69000000	0.00530100	239.98000000
0.00549900	5030.44000000	0.00530100	239.98000000
0.00549000	20.20000000	0.00530000	5048.74000000
0.00549700	99.61000000	0.00530000	4598.62000000
0.00549900	1975.86000000	0.00530000	2124.11000000
0.00549900	1975.86000000	0.00530000	2090.20000000
0.00549900	1975.86000000	0.00530000	2112.01000000
0.00549900	1474.84000000	0.00530000	1030.86000000
0.00520000	60.82000000	0.00510100	1274.46000000
0.00530000	369.73000000	0.00510100	1022.52000000
0.00528200	1005.22000000	0.00510000	8.95000000
0.00528100	10.00000000	0.00510000	8.95000000
0.00528200	273.57000000	0.00510000	8.95000000
0.00510000	8.70000000	0.00505200	229.39000000
0.00501400	95.11000000	0.00500400	766.84000000
0.00510000	147.95000000	0.00500500	42.02000000
0.00510000	123.95000000	0.00505000	697.35000000
0.00510000	123.95000000	0.00505000	646.30000000
0.00510000	123.95000000	0.00505200	60.99000000
0.00505000	61.02000000	0.00500400	766.84000000
0.00500400	460.45000000	0.00500100	663.61000000
0.00500400	435.13000000	0.00500100	663.61000000
0.00500100	395.56000000	0.00500000	2338.85000000
0.00500100	372.29000000	0.00500000	1457.45000000
0.00500100	65.95000000	0.00500000	1202.04000000
0.00505000	61.02000000	0.00500100	81.19000000
0.00505000	61.02000000	0.00500000	414.26000000
0.00500000	644.37000000	0.00490400	1325.17000000
0.00500000	562.69000000	0.00490300	20.00000000
0.00500000	472.88000000	0.00490400	86.18000000
0.00500000	280.78000000	0.00490400	81.91000000
0.00490000	833.39000000	0.00485500	9.23000000
0.00490000	782.67000000	0.00485500	9.23000000
0.00489900	62.78000000	0.00480000	575.41000000
0.00490000	727.41000000	0.00480000	510.10000000
0.00489900	11.91000000	0.00480000	454.81000000
0.00489900	11.84000000	0.00480000	453.75000000
0.00489900	11.84000000	0.00480000	26.79000000
0.00490000	632.69000000	0.00480000	26.79000000
0.00480000	419.10000000	0.00475000	12.00000000
0.00480000	429.10000000	0.00470000	151.90000000
0.00475000	23.24000000	0.00470100	1383.07000000
0.00480000	1235.87000000	0.00470100	1383.07000000
0.00480000	1052.50000000	0.00470200	526.06000000
0.00480000	1056.12000000	0.00461400	394.22000000
0.00475000	184.54000000	0.00461400	249.37000000
0.00475000	184.54000000	0.00460000	99.71000000
0.00475000	408.53000000	0.00460100	1308.33000000
0.00475000	408.53000000	0.00460100	1304.77000000
0.00475000	401.94000000	0.00460100	1181.19000000
0.00475000	356.44000000	0.00460100	769.48000000
0.00474900	30.74000000	0.00460200	1335.82000000
0.00474900	30.69000000	0.00460200	1425.55000000
0.00474900	30.69000000	0.00460200	1425.55000000
0.00474900	30.69000000	0.00460200	1308.67000000
0.00474900	30.69000000	0.00460200	1395.92000000
0.00474900	30.69000000	0.00460200	1395.92000000
0.00474900	30.69000000	0.00460200	1362.18000000
0.00474900	30.69000000	0.00460100	454.66000000
0.00474900	11.89000000	0.00460200	1438.44000000
0.00480000	1359.28000000	0.00460300	1410.41000000
0.00479900	289.25000000	0.00460400	936.20000000
0.00480000	415.22000000	0.00460500	1396.31000000
0.00489800	11.42000000	0.00480100	1176.25000000
0.00489800	11.42000000	0.00480200	1353.73000000
0.00489800	3.92000000	0.00480200	1353.73000000
0.00499900	41.08000000	0.00490500	1324.12000000
0.00499900	41.08000000	0.00490400	21.71000000
0.00499900	66.50000000	0.00489900	106.75000000
0.00499900	66.50000000	0.00489900	71.61000000
0.00499900	66.50000000	0.00489900	71.61000000
0.00500000	1616.67000000	0.00489800	6.80000000
