1518233377840	0.45850000	0.45640000	0.4584413333333319	0.45622399999999935	0.00004924316083367359	0.000509467696064563
1518233378858	0.45850000	0.45640000	0.4584417231450706	0.4562251694352153	0.00004930066485918535	0.0005095177458473198
1518233380509	0.45850000	0.45640000	0.458442110366698	0.4562263311000976	0.000049355850717034284	0.0005095658282629771
1518233380757	0.45850000	0.45650000	0.4584424950154243	0.4562281494981036	0.00004940872617488118	0.0005097576766355654
1518233382477	0.45850000	0.45640000	0.458442877108345	0.45622929136190354	0.000049459298642665693	0.0005098011594947807
1518233383494	0.45850000	0.45660000	0.4584432566624424	0.45623175454222314	0.00004950757517796816	0.0005101960407529645
1518233384478	0.45850000	0.45670000	0.45844363369458563	0.4562348658077233	0.0000495535624910838	0.0005108581016290148
1518233384707	0.45850000	0.45670000	0.4584440082215319	0.456237956400363	0.00004959726694981381	0.0005115114856970473
1518233386076	0.45850000	0.45680000	0.45844438025992706	0.4562416909093307	0.00004963869458398563	0.0005124905419181473
1518233387864	0.45850000	0.45690000	0.4584447498263063	0.45624606505611254	0.00004967785108970692	0.0005138537405397254
1518233388660	0.45850000	0.45690000	0.45844511693709494	0.4562504101387962	0.00004971474183336105	0.0005151995298479572
1518233389700	0.45850000	0.45700000	0.45844548160860926	0.4562553908023258	0.000049749371855352975	0.0005169831288887057
1518233390695	0.45850000	0.45700000	0.45844584385705706	0.45626033837174557	0.00004978174587360748	0.0005187432462746442
1518233391467	0.45850000	0.45720000	0.4584462036985384	0.4562665819706044	0.000049811868286829373	0.0005215664440467349
1518233393289	0.45850000	0.45710000	0.4584465611490464	0.45627211963192926	0.00004983974317753061	0.0005237794277068254
1518233394129	0.45850000	0.45710000	0.45844691622446804	0.4562776204981623	0.00004986537431482667	0.0005259619758119408
1518233395067	0.45850000	0.45740000	0.4584472689405845	0.45628507816927083	0.00004988876515700817	0.000529982284819241
1518233395438	0.45850000	0.45740000	0.4584476193130723	0.45629248628774743	0.00004990991885389342	0.000533937158183329
1518233397123	0.45850000	0.45750000	0.4584479673575037	0.4563005096346727	0.00004992883824896285	0.0005385581573877509
1518233397309	0.45850000	0.45730000	0.4584483130893475	0.4563071507666683	0.00004994552588128152	0.0005417178437362231
1518233398854	0.45850000	0.45750000	0.4584486565239698	0.4563150766751954	0.000049959983987209286	0.0005461989869391324
1518233399820	0.45850000	0.45750000	0.4584489976766345	0.4563229499198785	0.00004997221450190543	0.0005506041126697929
1518233400706	0.45850000	0.45760000	0.45844933656250403	0.45633143530247067	0.00004998221906062656	0.0005556916611055297
1518233401319	0.45850000	0.45770000	0.4584496731966402	0.4563405287556104	0.00004998999899982234	0.0005614935440412487
1518233402441	0.45850000	0.45770000	0.4584500075940047	0.45634956178713454	0.000049995555358029446	0.00056718593855004
1518233404055	0.45850000	0.45780000	0.45845033976945987	0.45635919925034296	0.00004999888887656525	0.0005736119478067625
1518233405304	0.45850000	0.45780000	0.4584506697377691	0.45636877267725096	0.00005000000000002222	0.0005799113916989584
1518233405473	0.45850000	0.45780000	0.45845099751359786	0.45637828249334894	0.00004999888887656515	0.0005860883513221849
1518233406701	0.45850000	0.45790000	0.45845132311151415	0.4563883935731273	0.00004999555535802935	0.0005930055274241177
1518233408080	0.45850000	0.45790000	0.45845164654598913	0.4563984374696514	0.00004998999899982213	0.0005997829236945283
1518233408428	0.45850000	0.45800000	0.45845196783139786	0.45640907908114875	0.00004998221906062633	0.0006073120193845092
1518233409713	0.45850000	0.45810000	0.4584522869820198	0.45642031443609127	0.00004997221450190537	0.000615609093139109
1518233412318	0.45850000	0.45810000	0.4584526040120396	0.4564314751375126	0.00004995998398720951	0.0006237245652796878
1518233413076	0.45850000	0.45800000	0.4584529189355476	0.45644189722962214	0.000049945525881281416	0.0006307706045430131
1518233413336	0.45850000	0.45690000	0.4584532317665407	0.4564449411018506	0.000049928838248962864	0.0006313762744988137
1518233415001	0.45850000	0.45710000	0.45845354251892245	0.45644929365266884	0.00004990991885389331	0.0006326438352044731
1518233416260	0.45850000	0.45710000	0.45845385120650434	0.45645361728288364	0.000049888765157007836	0.000633891333133862
1518233416739	0.45850000	0.45700000	0.45845415784300597	0.45645724773283125	0.00004986537431482649	0.0006347607598317848
1518233418246	0.45850000	0.45700000	0.4584544624420558	0.4564608540601878	0.00004983974317753052	0.000635614837950015
1518233419319	0.45850000	0.45720000	0.4584547650171916	0.4564657653288909	0.00004981186828682937	0.0006372136393880966
1518233419609	0.45850000	0.45720000	0.45845506558186144	0.4564706439645793	0.000049781745873607476	0.0006387873929041929
1518233420666	0.45850000	0.45730000	0.45845536414942384	0.456476154635911	0.000049749371855352995	0.000640788056484619
1518233422072	0.45850000	0.45740000	0.4584556607331486	0.4564822931433136	0.00004971474183336123	0.0006432572493869703
1518233423165	0.45850000	0.45740000	0.45845595534621736	0.4564883908632916	0.00004967785108970692	0.0006456879191133203
1518233424308	0.45850000	0.45750000	0.45845624800172424	0.456495112518685	0.000049638694583985524	0.0006486228145506122
1518233425289	0.45850000	0.45750000	0.4584565387126762	0.45650178951191633	0.00004959726694981358	0.0006515110641168499
1518233425695	0.45850000	0.45760000	0.458456827491994	0.45650908659157136	0.00004955356249108387	0.0006549363836791097
1518233427472	0.45850000	0.45770000	0.45845711435251235	0.45651699963747455	0.00004950757517796842	0.000658933397409955
1518233428047	0.45950000	0.45770000	0.45846404382525313	0.45652486010499965	0.00007780031419532443	0.0006628634013798712
1518233429322	0.45950000	0.45770000	0.45847092725498567	0.45653266834350464	0.00009812180638824045	0.0006667275805504585
1518233430399	0.45940000	0.45780000	0.45847710049581636	0.45654108915185343	0.00011189826728874961	0.0006711846905948412
1518233431052	0.45940000	0.45780000	0.4584832327184355	0.4565494540079873	0.0001240658427341524	0.0006755648665294039
1518233432053	0.45940000	0.45790000	0.4584893241953894	0.456558427735509	0.00013506006894054367	0.0006805614512216301
1518233432898	0.45950000	0.45800000	0.4584960396492406	0.45656800628876143	0.00014736349615831568	0.0006862008128496765
1518233433892	0.45950000	0.45800000	0.45850271048213603	0.45657752119714173	0.00015863129857909887	0.0006917362214023505
1518233434695	0.45950000	0.45810000	0.4585093369905604	0.4565876373353667	0.00016907066241335608	0.0006979311491034704
1518233436477	0.45950000	0.45690000	0.4585159194690284	0.4565897128347995	0.00017882673178247843	0.0006980877849923745
1518233436657	0.45950000	0.45810000	0.458522458210098	0.45659974796546526	0.00018800591007259502	0.0007041384806982224
1518233438279	0.45950000	0.45810000	0.45852895350438305	0.45660971641752196	0.00019668898178484275	0.0007100750351586503
1518233438505	0.45950000	0.45810000	0.45853540564056655	0.45661961863401684	0.00020493901531919804	0.000715900287904836
1518233440405	0.45950000	0.45830000	0.4585418149054133	0.45663078395870776	0.00021280638043902418	0.0007231974526749657
1518233441839	0.45950000	0.45830000	0.45854818158378263	0.45664187509519477	0.00022033207261364625	0.000730348090524879
1518233442808	0.45950000	0.45830000	0.4585545059586412	0.4566528925364227	0.00022754999450670882	0.0007373564643749716
1518233443791	0.45950000	0.45830000	0.4585607883110755	0.4566638367720611	0.0002344885687808501	0.000744226593331779
1518233444880	0.45950000	0.45830000	0.4585670289203042	0.45667470828852585	0.0002411719073376737	0.0007509622715778306
1518233445171	0.45950000	0.45830000	0.4585732280636909	0.4566855075690008	0.00024762067765031866	0.000757567085404912
1518233446752	0.45950000	0.45830000	0.4585793860167561	0.45669623509345925	0.00025385275697188144	0.0007640444286092876
1518233448320	0.45950000	0.45840000	0.45858550305318957	0.4567075557905127	0.00025988373468833966	0.0007711806244684561
1518233449173	0.45950000	0.45840000	0.45859157944486273	0.4567188012669877	0.00026572730382857325	0.0007781758584450369
1518233449369	0.45950000	0.45850000	0.4585976154618404	0.45673063647451606	0.00027139557025780475	0.0007858381936929942
1518233450905	0.45950000	0.45860000	0.45860361137239297	0.45674305749461896	0.0002768992997864506	0.0007941802202411139
1518233451952	0.45950000	0.45860000	0.4586095674430083	0.45675539598302684	0.00028224811779709844	0.0008023489819828347
1518233453993	0.45950000	0.45860000	0.45861548393840357	0.456767652488123	0.0002874506720967841	0.0008103497187428815
1518233454462	0.45950000	0.45870000	0.4586213611215371	0.45678049200647436	0.0002925147669586843	0.0008190267937551815
1518233455094	0.45950000	0.45870000	0.45862719925361994	0.4567932462124114	0.00029744747435472304	0.0008275221380053175
1518233456314	0.45950000	0.45890000	0.45863299859412743	0.45680724457644856	0.0003022552269560062	0.0008375891329020208
1518233458228	0.45950000	0.45890000	0.45863875940081095	0.4568211499281001	0.0003069438964298832	0.000847433773223609
1518233459533	0.45950000	0.45890000	0.4586444819297092	0.45683496288538844	0.0003115188597822041	0.0008570637212146038
1518233459887	0.45950000	0.45900000	0.45865016643515966	0.45684934851405695	0.00031598505590543335	0.0008673763120276378
1518233460553	0.45950000	0.45900000	0.45865581316980975	0.4568636385571529	0.0003203470340462451	0.0008774612368772913
1518233462290	0.45950000	0.45920000	0.45866142238462826	0.4568791625534509	0.00032460899556236	0.0008891615901135952
1518233463494	0.45950000	0.45900000	0.45866699432891644	0.45689325449661733	0.00032877483007203194	0.0008987870839204499
1518233464083	0.45950000	0.45900000	0.458672529250319	0.4569072528056099	0.00033284814689118	0.0009070692121087335
1518233465279	0.45950000	0.45900000	0.45867802739483515	0.4569211581025826	0.00033683230248894705	0.0009151441902175265
1518233466181	0.45950000	0.45930000	0.4586834890068296	0.4569369643610372	0.00034073042456203925	0.0009256699675850434
1518233467459	0.45950000	0.45930000	0.45868891432904335	0.4569526655945187	0.0003445454332240685	0.000935923548634659
1518233468055	0.45950000	0.45930000	0.45869430360260455	0.4569682625008674	0.00034828005972206266	0.0009459137851246781
1518233469442	0.45950000	0.45930000	0.4586996570670391	0.4569837557732869	0.00035193686302454767	0.0009556489360057346
1518233469647	0.45950000	0.45940000	0.45870497496028134	0.45699981055220196	0.00035551824457013127	0.000966035368572671
1518233471374	0.45950000	0.45940000	0.45871025751868477	0.4570157586548451	0.00035902646142033307	0.0009761554976311718
1518233472501	0.45950000	0.45690000	0.4587155049770324	0.4570149894943478	0.000362463638023037	0.0009742632544076029
1518233472575	0.45950000	0.45700000	0.45872071756854715	0.45701488989637873	0.0003658317767620706	0.0009724134351647408
1518233474339	0.45950000	0.45700000	0.45872589552490234	0.45701479096019015	0.0003691327674428325	0.0009705407427477406
1518233475727	0.45950000	0.45700000	0.4587310390762319	0.4570146926813849	0.0003723683958423809	0.0009686450444937134
1518233476545	0.45950000	0.45710000	0.4587361484511407	0.4570152595074222	0.00037554035143451674	0.0009668190109839598
1518233477391	0.45950000	0.45720000	0.4587412238767145	0.4570164870190008	0.00037865023438525157	0.0009650927416575084
1518233477930	0.45950000	0.45720000	0.4587462655785304	0.4570177063743563	0.0003816995619011927	0.0009633374279036401
1518233479682	0.45950000	0.45740000	0.4587512737806664	0.4570202465313373	0.0003846897740026723	0.0009619020509155611
1518233481998	0.45950000	0.45740000	0.4587562487057118	0.45702276981019885	0.0003876222387841093	0.0009604310953363052
1518233483510	0.45950000	0.45740000	0.4587611905747768	0.45702527632308787	0.0003904982572162049	0.0009589243974370466
1518233483747	0.45950000	0.45750000	0.45876609960750253	0.45702843063323345	0.00039331906753791373	0.0009576032581398228
1518233485065	0.45950000	0.45750000	0.4587709760220706	0.45703156398450767	0.0003960858492801853	0.0009562426470305557
1518233485539	0.45950000	0.45760000	0.458775820035213	0.4570353409679993	0.00039879972695856553	0.0009550950505345301
1518233486891	0.45950000	0.45770000	0.45878063186222157	0.45703975730708235	0.00040146177346736235	0.0009541895339326845
1518233488358	0.45950000	0.45770000	0.45878541171695764	0.4570441443017197	0.0004040730132043046	0.0009532365335470995
1518233489819	0.45950000	0.45780000	0.45879015981186155	0.45704916659871825	0.0004066344249514065	0.0009525521274741632
1518233490507	0.45950000	0.45780000	0.4587948763579621	0.45705415552497264	0.00040914694453488085	0.0009518157501440212
1518233490858	0.45950000	0.45790000	0.45879956156488594	0.4570597757540426	0.0004116114672843849	0.0009513739187792228
1518233492301	0.45950000	0.45800000	0.45880421564086676	0.45706602309122507	0.0004140288503098467	0.0009512543765412563
1518233493245	0.45950000	0.45800000	0.4588088387927547	0.4570722289178614	0.00041639991461201543	0.0009510730197460626
1518233494741	0.45950000	0.45810000	0.4588134312260254	0.45707905796159654	0.0004187254470413809	0.0009512384325475703
1518233494855	0.45950000	0.45780000	0.4588179931447894	0.45708384827414406	0.00042100620211848246	0.0009502235994169426
1518233496222	0.45950000	0.45790000	0.45882252475180074	0.45708927120919957	0.0004232429037273528	0.0009494901555864397
1518233497667	0.45950000	0.45790000	0.4588270262484665	0.45709465811146405	0.00042543624669273895	0.0009486994606653219
1518233499560	0.45950000	0.45800000	0.45883149783485544	0.4571006736721852	0.00042758689825058945	0.0009482158099410816
1518233499687	0.45950000	0.45800000	0.4588359397097069	0.45710664926240324	0.00042969549942049325	0.0009476698909547727
1518233501500	0.45950000	0.45810000	0.4588403520704397	0.45711324959953015	0.0004317626662878642	0.0009478707717827395
1518233501584	0.45950000	0.45810000	0.45884473511316104	0.4571198060805964	0.00043378899120297387	0.0009480096108279843
1518233503075	0.45950000	0.45830000	0.4588490890326749	0.45712764790065885	0.0004357750439032671	0.0009489687385086374
1518233504501	0.45950000	0.45830000	0.458853414022491	0.45713543761560466	0.0004377213725647916	0.0009498537899183373
1518233507200	0.45950000	0.45840000	0.4588577102748333	0.4571438400234744	0.0004396285047881073	0.000951151582731868
1518233507333	0.45950000	0.45840000	0.4588619779806484	0.4571521866013915	0.0004414969485234995	0.0009523687427788814
1518233508524	0.45950000	0.45850000	0.4588662173296142	0.4571611421721464	0.00044332719293993777	0.0009540195083027539
1518233509980	0.45950000	0.45850000	0.4588704285101483	0.45717003823744773	0.0004451197092418625	0.0009555826611142673
1518233511204	0.45950000	0.45860000	0.4588746117094164	0.45717953964450786	0.00044687495143745626	0.0009575990810354839
1518233511258	0.45950000	0.45860000	0.4588787671133405	0.4571889779192952	0.0004485933570618323	0.0009595204820927791
1518233513020	0.45950000	0.45860000	0.4588828949066074	0.45719835348129323	0.00045027534785828025	0.0009613474340158667
1518233513921	0.45950000	0.45870000	0.45888699527267646	0.4572083311990255	0.0004519213304203457	0.0009636423379841495
1518233514271	0.45950000	0.45870000	0.45889106839378824	0.45721824261962996	0.0004535316967974829	0.0009658350445771454
1518233516026	0.45950000	0.45890000	0.45889511445097236	0.4572294170872736	0.00045510682506662926	0.0009691335763912483
1518233516821	0.45950000	0.45890000	0.4588991336240556	0.4572405173059628	0.0004566470798719297	0.0009723111070479921
1518233517587	0.45950000	0.45890000	0.45890312609166983	0.45725154376904614	0.00045815281293472943	0.0009753688191311709
1518233519138	0.45950000	0.45900000	0.45890709203126007	0.45726316141842127	0.0004596243635356596	0.0009789456346271537
1518233520180	0.45950000	0.45900000	0.45891103161909225	0.45727470187411284	0.00046106205897061895	0.000982393618781304
1518233521075	0.45950000	0.45920000	0.4589149450302611	0.4572874945526902	0.0004624662149822458	0.0009870663042009344
1518233521974	0.46070000	0.45950000	0.4589268058606248	0.4573021955855627	0.0004750784730500438	0.0009938423751615084
1518233523229	0.46070000	0.45960000	0.45893858788148445	0.4573174633889809	0.0004872438358312625	0.0010012283566810448
1518233523540	0.46070000	0.45960000	0.4589502916164912	0.4573326297452003	0.0004989949899548146	0.0010084011547439296
1518233525103	0.46070000	0.45970000	0.45896191758581684	0.4573483597801159	0.0005103605479353722	0.0010161856239005872
1518233526079	0.46070000	0.45970000	0.45897346630617686	0.4573639852965271	0.0005213657278937922	0.0010237458451957475
1518233527484	0.46070000	0.45970000	0.4589849382908534	0.457379506988909	0.0005320328937199281	0.0010310867513885018
1518233528435	0.46070000	0.45970000	0.4589963340497182	0.45739492554712224	0.000542381989212607	0.0010382129946317513
1518233529044	0.46070000	0.45970000	0.4590076540892549	0.4574102416564437	0.0005524308905998043	0.0010451289659920244
1518233530249	0.46070000	0.45970000	0.45901889891258213	0.4574254559975969	0.0005621956954655584	0.001051838813169057
1518233530796	0.46070000	0.45970000	0.4590300690194753	0.4574405692467823	0.0005716909615828778	0.0010583464566115523
1518233531911	0.46070000	0.45960000	0.4590411649063891	0.4574549176238801	0.0005809299058884443	0.001063901154556508
1518233533395	0.46070000	0.45710000	0.4590521870664795	0.457452559367243	0.0005899245714496068	0.001060665619106962
1518233533668	0.46070000	0.45730000	0.4590631359896258	0.45745154568373975	0.0005986859685084426	0.0010573709009719455
1518233534883	0.46070000	0.45740000	0.4590740121624522	0.45745120318750226	0.000607224194365001	0.001054072051089911
1518233535588	0.46070000	0.45740000	0.4590848160683495	0.4574508629669873	0.0006155485358604965	0.0010507357739539794
1518233537264	0.46070000	0.45760000	0.4590955481874967	0.45745185391072823	0.0006236675574552697	0.0010475102227027046
1518233538246	0.46070000	0.45760000	0.4591062089968821	0.4574528382701254	0.0006315891773050661	0.0010442402341734745
1518233540327	0.46070000	0.45760000	0.45911679897032476	0.45745381608892854	0.0006393207332786878	0.0010409253895773077
1518233541221	0.46070000	0.45760000	0.45912731857849537	0.4574547874105968	0.0006468690404985799	0.0010375652589917747
1518233542149	0.46070000	0.45780000	0.45913776828893726	0.457457081181955	0.0006542404416998055	0.0010344228127586708
1518233542665	0.46070000	0.45780000	0.4591481485660872	0.45745935971230745	0.0006614408514750197	0.0010312276933614408
1518233544315	0.46070000	0.45790000	0.45915845987129594	0.4574622875547506	0.0006684757952902151	0.0010281560625162367
1518233545101	0.46070000	0.45800000	0.4591687026628488	0.4574658603949184	0.0006753504440083077	0.001025234715673549
1518233546264	0.46070000	0.45800000	0.459178877395986	0.45746940949528436	0.0006820696445378553	0.0010222524150130456
1518233547318	0.46070000	0.45810000	0.45918898452292295	0.4574735994654154	0.0006886379471262205	0.001019444892521852
1518233548081	0.46070000	0.45810000	0.4591990244928703	0.4574777615952133	0.0006950596297360988	0.001016571798852508
1518233548505	0.46070000	0.45810000	0.45920899775205387	0.4574818960696637	0.0007013387198779193	0.0010136325764299426
1518233549863	0.46070000	0.45830000	0.45921890474373456	0.4574873319761776	0.0007074790142156538	0.0010111865417529173
1518233551082	0.46070000	0.45830000	0.45922874590822804	0.4574927317637113	0.0007134840962176705	0.0010086657303366453
1518233552082	0.46070000	0.45850000	0.45923852168292423	0.4574994245759126	0.0007193573520858732	0.0010067529764324287
1518233553306	0.46070000	0.45850000	0.4592482325023068	0.45750607291760087	0.0007251019851640733	0.0010047559681612018
1518233553553	0.46070000	0.45860000	0.45925787879797253	0.4575133415360886	0.0007307210289995905	0.001003571400327628
1518233555279	0.46070000	0.45870000	0.45926746099865046	0.4575212263099352	0.0007362173592085415	0.0010016597337530464
1518233557099	0.46070000	0.45870000	0.4592769795302209	0.4575290586932579	0.0007415937042762804	0.001000196591786946
1518233558896	0.46070000	0.45870000	0.4592864348157344	0.4575368390341665	0.0007468526554072626	0.0009991602585282425
1518233559682	0.46070000	0.45880000	0.4592958272754305	0.457545232130285	0.0007519966755245639	0.0009984779527972677
1518233560766	0.46070000	0.45880000	0.45930515732675653	0.45755356945832293	0.0007570281075069446	0.000998197486583805
1518233561785	0.46070000	0.45890000	0.45931442538438605	0.45756251584065966	0.000761949181740851	0.0009967003338795263
1518233562815	0.46070000	0.45900000	0.4593236318602373	0.4575720672304227	0.000766762023055386	0.0009966951500946632
1518233563497	0.46290000	0.45900000	0.4593473951036908	0.45758155515580196	0.0007968556958446079	0.0009965828281348899
1518233564611	0.46290000	0.45910000	0.45937100045183904	0.4575916444903149	0.0008255810075334771	0.0009957674873628344
1518233565595	0.46290000	0.45910000	0.4593944489538202	0.45760166678606035	0.0008530761982378731	0.0009954047194762339
1518233566442	0.46290000	0.45910000	0.45941774165180144	0.45761162248847853	0.000879715800067771	0.0009949202089726725
1518233567870	0.46290000	0.45910000	0.45944087958102536	0.4576215120400501	0.0009053344992628682	0.0009943137778834665
1518233568705	0.46290000	0.45910000	0.45946386376985576	0.4576313358803155	0.000930016666517318	0.0009935852029672938
1518233569686	0.46340000	0.45910000	0.45949001749895974	0.4576410944458948	0.0009607494759590231	0.0009927342152974414
1518233570304	0.46340000	0.45910000	0.45951599744913274	0.4576507881705068	0.0009902598424431574	0.0009917604997623634
1518233571599	0.46320000	0.45720000	0.4595404758713976	0.45764779290027086	0.0010159748465827629	0.0009868279147517752
1518233572147	0.46320000	0.45730000	0.4595647916463385	0.45764548198398997	0.0010408190684904426	0.0009817455542722538
1518233573910	0.46310000	0.45740000	0.45958828140284125	0.4576438508744618	0.0010636295825562877	0.000976540094187412
1518233574744	0.46310000	0.45740000	0.45961161508122766	0.4576422306028707	0.0010857445474061567	0.0009712774520644918
1518233575538	0.46300000	0.45750000	0.45963412926673447	0.457641285549031	0.0011060679103121137	0.0009659155702694166
1518233576873	0.46300000	0.45760000	0.4596564938563243	0.45764101122644607	0.001125824685384984	0.0009604815921655614
1518233577739	0.46300000	0.45770000	0.4596787098439899	0.45764140317842983	0.0011450442009905998	0.0009550029086634017
1518233578714	0.46300000	0.45790000	0.4597007782171195	0.45764312142973596	0.0011637530761386685	0.0009502090413283931
1518233579911	0.46300000	0.45790000	0.45972269995654064	0.45764482826408986	0.0011819755590629663	0.0009453438527858547
1518233580528	0.46300000	0.45810000	0.4597444760365636	0.4576478526610062	0.0011997338130694648	0.0009412736052816966
1518233581479	0.46300000	0.45810000	0.459766107425025	0.457650856962262	0.0012170481593684816	0.0009371333949870761
1518233582903	0.46300000	0.45810000	0.4597875950833305	0.45765384130138315	0.0012339372845579324	0.00093400475849371
1518233583101	0.46300000	0.45810000	0.45980893996649774	0.4576568058110085	0.0012504184188591478	0.0009308225156041081
1518233585264	0.46300000	0.45810000	0.45983014302319875	0.4576597506228955	0.0012665074899984618	0.0009280811147499761
1518233585862	0.46300000	0.45820000	0.4598512051958021	0.4576633403197533	0.0012822192566882649	0.00092547861491591
1518233586378	0.46300000	0.45820000	0.45987212742041467	0.45766690616480477	0.0012975674249233486	0.0009232912144424802
1518233587796	0.46300000	0.45840000	0.45989291062692356	0.45767177722018815	0.0013125647497255948	0.0009215325399692766
1518233589142	0.46300000	0.45840000	0.459913555739037	0.457676615909755	0.0013272231245055263	0.0009201581385827134
1518233589665	0.46290000	0.45860000	0.4599333992224986	0.4576827513522151	0.0013406918197540925	0.0009193475947648978
1518233591274	0.46290000	0.45860000	0.45995311085557167	0.45768884602761567	0.0013538676695551337	0.0009188882171165105
1518233592180	0.46290000	0.45870000	0.4599726915143386	0.4576955646586614	0.0013667591432127105	0.000919105845675871
1518233593192	0.46290000	0.45880000	0.45999214206906064	0.45770290309946765	0.0013793742139906078	0.0009196629213406907
1518233593992	0.46290000	0.45880000	0.4600114633842164	0.45771019277986985	0.0013917203981643183	0.0009201664100706048
1518233595232	0.46290000	0.45880000	0.4600306563185405	0.45771743402385745	0.0014038047901645254	0.0009206163997863382
1518233595776	0.46290000	0.45880000	0.4600497217250618	0.45772462715326706	0.0014156340942803195	0.0009213571511634364
1518233596922	0.46290000	0.45890000	0.46006866045114114	0.45773243693962407	0.0014272146533253704	0.0009224619233334265
1518233597438	0.46290000	0.45890000	0.46008747333850897	0.4577401948337129	0.001438552474615438	0.0009238244181420833
1518233598539	0.46290000	0.45910000	0.46010616122330295	0.45774923008398727	0.0014496532535594577	0.0009260575936013206
1518233599447	0.46290000	0.45910000	0.4601247249361049	0.45775820529937605	0.0014605223951267047	0.0009282274625447275
1518233601922	0.46290000	0.45910000	0.46014316530197796	0.4577671208787822	0.0014711650334192764	0.0009303344679319498
1518233602733	0.46290000	0.45910000	0.46016148314050304	0.45777597721845803	0.001481586049550342	0.0009323790359433592
1518233604716	0.46290000	0.45910000	0.4601796792658153	0.4577847747120231	0.001491790088003885	0.0009313537936192084
1518233605485	0.46290000	0.45910000	0.46019775448664046	0.45779351375048144	0.001501781571630462	0.0009307690368721996
1518233608234	0.46290000	0.45910000	0.46021570960633057	0.45780219472223904	0.0015115647154154072	0.0009300902584636019
1518233609009	0.46290000	0.45910000	0.4602335454228998	0.4578108180131212	0.001521143539139762	0.0009293172523716308
1518233611373	0.46290000	0.45910000	0.4602512627290599	0.4578193840063895	0.00153052187904067	0.0009289669292044559
1518233611906	0.46290000	0.45910000	0.46026886231225556	0.457827893082759	0.0015397033985659516	0.000929013574832051
1518233613225	0.46280000	0.45910000	0.4602856805028718	0.4578363456204151	0.0015480265573374966	0.0009284919074618923
1518233614648	0.46280000	0.45910000	0.46030238694471315	0.4578447419950303	0.0015561731908756051	0.0009283736675857791
1518233614841	0.46280000	0.45910000	0.46031898238029645	0.4578530825797809	0.0015641460574028403	0.0009290541785421724
1518233616492	0.46270000	0.45910000	0.46033480309537755	0.4578613677453638	0.001571322868017747	0.0009296653519770805
1518233617072	0.46270000	0.45910000	0.4603505186894282	0.4578695978600125	0.0015783428721992566	0.0009305981350125804
1518233618674	0.46270000	0.45920000	0.46036612986092706	0.45787843774134135	0.0015852081531738539	0.000931932520208531
1518233618685	0.46270000	0.45920000	0.4603816373037116	0.45788721888591716	0.0015919207127101278	0.0009335558663280724
1518233620107	0.46270000	0.45930000	0.46039704170700924	0.4578966061358446	0.0015984824747935728	0.0009356074081698073
1518233621612	0.46270000	0.45930000	0.46041234375546763	0.4579059310120184	0.0016048952890730449	0.0009379139974788029
1518233621874	0.46270000	0.45940000	0.46042754412918546	0.4579158583807093	0.0016111609340955122	0.0009406735175748651
1518233622751	0.46270000	0.45940000	0.46044264350374237	0.45792571978681756	0.0016172811203443238	0.0009436531260067038
1518233624455	0.46270000	0.45950000	0.46045764255022914	0.45793618012045995	0.001623257493094938	0.000947370864844153
1518233625468	0.46270000	0.45950000	0.4604725419352774	0.45794657095022434	0.0016290916351008392	0.0009510122677091685
1518233626178	0.46270000	0.45960000	0.4604873423210895	0.4579575571897577	0.0016347850691213774	0.0009551504244533085
1518233627269	0.46270000	0.45970000	0.46050204436546766	0.457969134882849	0.0016403392603022242	0.0009598053043311567
1518233627787	0.46270000	0.45970000	0.4605166487218433	0.45798063564774705	0.001645755618418335	0.0009643657097917914
1518233629446	0.46270000	0.45970000	0.4605311560393061	0.45799205999560255	0.0016510354999884713	0.0009688329749411577
1518233630146	0.46270000	0.45980000	0.460545566962633	0.4580040728859972	0.001656180210269661	0.0009738265873461378
1518233630878	0.46270000	0.45980000	0.46055988213231647	0.45801600595652214	0.0016611910051392389	0.0009787179823058793
1518233632692	0.46270000	0.45980000	0.46057410218459344	0.45802785973754195	0.0016660690928716599	0.0009835086849303034
1518233632702	0.46270000	0.45990000	0.46058822775147323	0.4580402992077244	0.0016708156358164901	0.0009888338249338636
1518233633894	0.46270000	0.45990000	0.4606022594607658	0.4580526560236199	0.0016754317519838038	0.0009940489592235053
1518233635646	0.46270000	0.45990000	0.46061619793610953	0.4580649307344264	0.0016799185165424489	0.0009991558103385752
1518233635860	0.46270000	0.45990000	0.4606300437969992	0.45807712388569266	0.0016842769632364122	0.0010041560303724387
1518233636720	0.46270000	0.46000000	0.46064379765881314	0.45808990047116976	0.001688508085724058	0.0010099427376506723
1518233638060	0.46270000	0.46000000	0.460657460132841	0.45810259216239124	0.001692612838844783	0.0010156167256073203
1518233638721	0.46270000	0.45820000	0.4606710318263105	0.4581032393905481	0.0016965921398170083	0.001015045921238159
1518233640521	0.46270000	0.45840000	0.4606845133424147	0.4581052112218401	0.0017004468693715533	0.0010146506788052726
1518233641371	0.46270000	0.45840000	0.4606979052803389	0.4581071699512631	0.0017041778728237827	0.0010144333393574962
1518233642336	0.46270000	0.45840000	0.4607112082352868	0.45810911566587265	0.0017077859610878847	0.0010142070794467964
1518233643482	0.46270000	0.45850000	0.46072442279850745	0.4581117129039732	0.0017112719116363464	0.0010142677161381014
1518233643879	0.46270000	0.45850000	0.4607375495573214	0.4581142928846777	0.001714636469407494	0.0010102257173523162
1518233645306	0.46270000	0.45860000	0.4607505890951465	0.4581175201744805	0.00171788034766361	0.0010068142827751303
1518233646145	0.46270000	0.45840000	0.46076354199152425	0.45811939711684274	0.0017210042288023357	0.0010030444766919485
1518233647096	0.46270000	0.45860000	0.4607764088221454	0.4581225904914817	0.0017240087651233637	0.000999515160242984
1518233648672	0.46270000	0.45860000	0.4607891901588753	0.45812576264768445	0.0017268945795528064	0.0009959241381194103
1518233649877	0.46270000	0.45860000	0.4608018865697798	0.4581289137264374	0.0017296622663270187	0.0009927819498762064
1518233650051	0.46270000	0.45860000	0.46081449861915	0.45813204386778994	0.0017323123916378922	0.0009895848736830128
1518233651881	0.46270000	0.45860000	0.46082702686752774	0.4581351532108611	0.0017348454942411622	0.0009863323758021719
1518233652813	0.46270000	0.45870000	0.46083947187173024	0.45813890634567267	0.0017372620860294852	0.0009832130434900114
1518233653877	0.46260000	0.45870000	0.4608511697330476	0.45814263454271137	0.0017391163465008987	0.000980526559218737
1518233654755	0.46260000	0.45880000	0.4608627898677118	0.45814700241950396	0.0017408613449158394	0.0009780068166088292
1518233655543	0.46260000	0.45880000	0.4608743327921788	0.4581513412738594	0.0017424974095309829	0.0009754303323832696
1518233656730	0.46250000	0.45890000	0.46088513456764607	0.4581563157504451	0.0017436065751449984	0.000973046704371836
1518233656910	0.46250000	0.45890000	0.46089586457051884	0.45816125717403017	0.0017446131376325153	0.0009700941535060758
1518233658512	0.46250000	0.45900000	0.4609065232776915	0.4581668302160632	0.001745517274493589	0.0009678642581592859
1518233659815	0.46250000	0.45900000	0.4609171111628896	0.45817236622791657	0.001746319144817326	0.0009655683415596355
1518233659997	0.46250000	0.45910000	0.46092762869669096	0.4581785299074653	0.0017470188894227725	0.0009640015560153432
1518233661503	0.46240000	0.45920000	0.4609374118947196	0.4581853170841599	0.0017472309521067797	0.000962714391707116
1518233662908	0.46240000	0.45920000	0.46094713008811017	0.4581920591633349	0.0017473462736389608	0.0009618154131063251
1518233663282	0.46240000	0.45920000	0.4609567837087872	0.45819875644464164	0.0017473648731733088	0.0009608544230122597
1518233664792	0.46240000	0.45930000	0.4609663731858052	0.4582060736775676	0.0017472867537985774	0.0009602020042099947
1518233665166	0.46230000	0.45930000	0.4609752344935407	0.4582133422910057	0.001746755055015496	0.0009599131905195048
1518233666867	0.46230000	0.45950000	0.46098403692215506	0.4582218915116635	0.0017461313110861763	0.0009603977763868941
1518233667753	0.46230000	0.45950000	0.46099278086287165	0.4582303839268684	0.001745415423330494	0.0009612109838924839
1518233668823	0.46230000	0.45950000	0.46100146670431436	0.4582388199140653	0.0017446072783166772	0.0009623256552054861
1518233669148	0.46230000	0.45960000	0.46101009483252486	0.45824786430001835	0.0017437067477710207	0.0009638374690095155
1518233670917	0.46230000	0.45970000	0.4610186656309799	0.4582575130422109	0.0017427136884755235	0.0009653977879034578
1518233671103	0.46230000	0.45970000	0.4610271794806079	0.45826709767315965	0.001741627942153218	0.0009672533277275411
1518233672806	0.46230000	0.45980000	0.4610356367598065	0.45827728307068016	0.0017404493353409805	0.0009698932358197424
1518233673779	0.46230000	0.45980000	0.46104403784445896	0.4582874007911408	0.0017391776792495864	0.0009724545690616554
1518233674062	0.46230000	0.45990000	0.46105238310795094	0.4582981157360501	0.0017378127696107502	0.0009757923276326103
1518233675887	0.46230000	0.46000000	0.46106067292118713	0.45830942393713947	0.0017363543865108637	0.0009796187467014353
1518233675934	0.46230000	0.46000000	0.46106890765260783	0.4583206570006801	0.00173480229421106	0.000983635603259663
1518233677770	0.46230000	0.46010000	0.4610770876682051	0.458332479877752	0.0017331562409533422	0.000988159849866858
1518233678809	0.46230000	0.46010000	0.4610852133315393	0.45834422419750115	0.0017314159587523115	0.0009928390268987898
1518233679507	0.46410000	0.46020000	0.46110524513664536	0.4583565549337304	0.0017383702137346805	0.0009980425285972996
1518233681318	0.46400000	0.46020000	0.4611244793882291	0.4583688037381574	0.001744453559778014	0.0009925542246592334
1518233682106	0.46400000	0.46020000	0.4611435858374767	0.4583809711551796	0.0017503237478312943	0.000987680728890781
1518233682465	0.46400000	0.46020000	0.46116256533357325	0.4583930577255771	0.0017559829156344204	0.000983412200227127
1518233684191	0.46400000	0.46020000	0.46118141872006113	0.4584050639865367	0.001761433097098931	0.0009789152159405856
1518233685276	0.46400000	0.46020000	0.461200146834878	0.458416990471676	0.0017666762263892205	0.0009750174357415376
1518233685459	0.46390000	0.46020000	0.4612180860585665	0.45842883771106685	0.001771116283276978	0.0009717061741539422
1518233687204	0.46390000	0.46020000	0.46123590608475545	0.4584406062312591	0.0017753627485358754	0.0009681906951743684
1518233687437	0.46390000	0.46020000	0.46125360770545476	0.4584522965553039	0.0017794170081486945	0.0009644687656943612
1518233688956	0.46380000	0.46020000	0.46127052725558465	0.45846390920277696	0.001782715126491664	0.0009613300970819331
1518233691805	0.46380000	0.46020000	0.46128733438345454	0.4584754446898017	0.001785832392284702	0.0009579955926597786
1518233691819	0.46380000	0.46020000	0.4613040298360562	0.4584869035290721	0.0017887697510362245	0.0009552346424948312
1518233693478	0.46370000	0.46020000	0.4613199499035907	0.45849828622987565	0.0017909938581692484	0.0009522882383443011
1518233694658	0.46370000	0.46020000	0.4613357641899456	0.4585095932981157	0.0017930476538254234	0.0009491546531285385
1518233695801	0.46360000	0.46020000	0.4613508089461586	0.4585208252363342	0.0017944234604896148	0.0009465889052569538
1518233697237	0.46360000	0.46020000	0.461365753737214	0.45853198254373395	0.0017956372746805488	0.0009438462092240813
1518233699937	0.46360000	0.46020000	0.46138059922733216	0.45854306571620085	0.0017966894247167119	0.0009409250176761657
1518233700763	0.46360000	0.46020000	0.46139534607632	0.45855407524632574	0.001797580194471314	0.0009378236626478493
1518233701524	0.46350000	0.46020000	0.461409330487773	0.45856501162342655	0.0017978336037205	0.0009352886660752879
1518233702871	0.46350000	0.46020000	0.4614232219795486	0.4585758753335699	0.0017979324854460485	0.0009318287873257032
1518233703415	0.46350000	0.46020000	0.4614370211690533	0.4585866668595927	0.0017978768651446058	0.0009296713875821352
1518233704274	0.46350000	0.46020000	0.46145072866959114	0.45859738668112365	0.001797666728475175	0.0009280490288772473
1518233705937	0.46340000	0.46020000	0.46146368063856397	0.4586080352746046	0.0017968563907248874	0.0009262768964455987
1518233707619	0.46340000	0.46020000	0.4614765465479423	0.45861861311331154	0.0017958971450379709	0.0009250239636535564
1518233707642	0.46340000	0.46020000	0.46148932696955064	0.45862912066737593	0.0017947887526577164	0.0009242685396211067
1518233710062	0.46340000	0.46020000	0.4615020224714141	0.4586395584038053	0.0017935309370686048	0.0009233814668561069
1518233711062	0.46340000	0.46020000	0.46151463361778344	0.4586499267865043	0.0017921233836491822	0.000922973214971896
1518233711865	0.46330000	0.46020000	0.4615264965173331	0.45866022627629494	0.0017901521971298575	0.0009224414465006575
1518233712370	0.46330000	0.46020000	0.4615382805936299	0.4586704573309375	0.0017880356695422841	0.000922914706544194
1518233713741	0.46320000	0.46020000	0.46154932191858916	0.4586806204051505	0.0017853832143890566	0.0009227299472519343
1518233716379	0.46320000	0.46020000	0.461560289879263	0.4586907159506312	0.001782589128206489	0.0009224294010925726
1518233717188	0.46320000	0.46020000	0.4615711849631217	0.4587007444160755	0.0017796527439050724	0.0009235754195275872
1518233717383	0.46320000	0.46020000	0.46158200765439666	0.4587107062471979	0.0017765733558986123	0.0009246258102004784
1518233719238	0.46310000	0.46020000	0.4615920939822744	0.4587206018867514	0.0017729879362878335	0.0009260344965976662
1518233720603	0.46310000	0.46020000	0.4616021132913623	0.4587304317745471	0.0017692623698404065	0.0009264049990270046
1518233720894	0.46300000	0.46020000	0.46161140157514063	0.4587401963474737	0.0017650564674630965	0.0009276298950671134
1518233722200	0.46300000	0.46020000	0.4616206281427477	0.45874989603951705	0.0017607127344724024	0.0009287659674117188
1518233722747	0.46300000	0.46020000	0.46162979340425764	0.4587595312817794	0.001756230148167746	0.0009302422623524845
1518233725012	0.46300000	0.46020000	0.46163889776702005	0.45876910250249847	0.0017516076425196652	0.0009320306981115069
1518233725200	0.46300000	0.46020000	0.46164794163567774	0.4587786101270666	0.001746844106763195	0.0009337413393916381
1518233726849	0.46300000	0.46020000	0.46165692541218484	0.45878805457804955	0.00174193838390837	0.0009357383299952093
1518233727889	0.46290000	0.46020000	0.46166518504399756	0.45879743627520536	0.0017365808040194536	0.0009376628154915595
1518233728070	0.46290000	0.46020000	0.46167338979453576	0.458806755635503	0.0017310823845854975	0.0009395152414351188
1518233729888	0.46290000	0.46030000	0.4616815400284591	0.4588166775249681	0.0017254417791781093	0.0009421455419531648
1518233730877	0.46290000	0.46030000	0.46168963610800423	0.4588265334882573	0.0017196575886560112	0.000944700775672147
1518233731948	0.46290000	0.46050000	0.46169767839300085	0.4588376528670729	0.0017137283591307198	0.000948601953754403
1518233732087	0.46290000	0.46050000	0.4617056672408879	0.45884869836297276	0.0017076525798104525	0.0009526834031653275
1518233733938	0.46520000	0.46290000	0.4617288853987558	0.45887561731072707	0.0017131736306892124	0.0009803783283338478
1518233734337	0.46510000	0.46290000	0.4617512848313222	0.45890235739504115	0.0017176708713319353	0.001006792707341267
1518233735798	0.46510000	0.46290000	0.46177353543044963	0.45892891980437645	0.0017218753019761707	0.0010272186827653697
1518233736961	0.46510000	0.46290000	0.4617956381850646	0.45895530571929755	0.001725789062686645	0.0010480678519171462
1518233737961	0.46500000	0.46290000	0.46181692962569537	0.4589815163125248	0.0017287347974747264	0.001068160412422528
1518233738894	0.46500000	0.46300000	0.46183807959495987	0.4590082172008137	0.0017314044074745198	0.0010881942228603617
1518233740698	0.46500000	0.46300000	0.4618590890328671	0.45903474067456246	0.0017337991681724656	0.001107504702774064
1518233741773	0.46500000	0.46300000	0.4618799588731803	0.45906108791260525	0.0017359202170606732	0.001127235359432785
1518233742507	0.46500000	0.46300000	0.4619006900434582	0.4590872600859434	0.0017377685563836	0.0011463005229384179
1518233743453	0.46500000	0.46300000	0.4619212834650963	0.4591132583577976	0.001739345055537343	0.0011652358368826297
1518233744827	0.46500000	0.46300000	0.4619417400533681	0.4591390838836594	0.001740650453135258	0.0011840354255210827
1518233745017	0.46500000	0.46300000	0.4619620607174653	0.45916473781134276	0.001741685358751363	0.0012022513602958976
1518233746587	0.46500000	0.46300000	0.46198224636053864	0.4591902212810348	0.0017424502543512913	0.0012203505871492687
1518233749142	0.46500000	0.46300000	0.46200229787973773	0.4592155354253469	0.001742945495418598	0.001237913791649304
1518233750049	0.46500000	0.46300000	0.4620222161662511	0.4592406813693645	0.001743171311782698	0.001255375065689755
1518233750929	0.46500000	0.46300000	0.4620420021053458	0.45926566023069765	0.0017431278081527848	0.0012727265569983585
1518233752052	0.46500000	0.46300000	0.46206165657640663	0.4592904731195302	0.0017481322095946317	0.0012896026519823882
1518233754587	0.46500000	0.46300000	0.46208118045297536	0.4593151211386695	0.001752930593796185	0.0013060217796380354
1518233757700	0.46500000	0.46300000	0.46210057460278947	0.4593396053835953	0.0017570751896894454	0.0013223590031959335
1518233761923	0.46500000	0.46300000	0.4621198398878208	0.45936392694250827	0.001761012177382338	0.0013382723522844273
1518233762418	0.46500000	0.46300000	0.4621389771643137	0.45938808689637867	0.0017647429463427966	0.0013541102449784374
1518233763631	0.46510000	0.46310000	0.4621586517346505	0.45941275077082133	0.0017693241333596506	0.0013707947410981096
1518233764641	0.46510000	0.46320000	0.46217819557694517	0.45943791521752686	0.0017736970491665765	0.0013880099263173737
1518233765889	0.46510000	0.46320000	0.4621976095598226	0.45946291245860643	0.0017778632305851447	0.001405086434668309
1518233766883	0.46510000	0.46320000	0.46221689454613607	0.4594877436050609	0.0017818241277472344	0.001416752938549592
1518233766954	0.46510000	0.46320000	0.4622360513930056	0.459512409760509	0.0017855811067797737	0.001433036364584731
1518233768608	0.46510000	0.46320000	0.4622550809518561	0.45953691202123653	0.001789135452297184	0.001448937388417997
1518233769607	0.46510000	0.46320000	0.46227398406845505	0.45956125147624494	0.0017924883697127685	0.0014644684663347642
1518233770759	0.46510000	0.46320000	0.46229276158295035	0.4595854292072998	0.001795640987379034	0.0014801567484560582
1518233771040	0.46510000	0.46320000	0.46231141432990747	0.4596094462889789	0.001798594358566342	0.0014955021081749019
1518233772336	0.46510000	0.46330000	0.46232994313834663	0.45963396824054714	0.0018013494632882537	0.0015113694672933779
1518233773110	0.46510000	0.46330000	0.46234834883177955	0.4596583272555601	0.0018039072099812123	0.0015268900491594761
1518233774910	0.46510000	0.46350000	0.46236663222824614	0.4596838533203072	0.0018062684370454584	0.0015437980221950486
1518233776020	0.46510000	0.46350000	0.46238479414035083	0.4597092097766507	0.0018084339142534923	0.0015603302713065499
1518233776045	0.46510000	0.46350000	0.46240283537529864	0.45973439775155667	0.0018104043440317057	0.0015764986168369753
1518233777917	0.46510000	0.46360000	0.4624207567349312	0.45976008281633035	0.0018121803626203045	0.0015934023346286408
1518233778818	0.46510000	0.46360000	0.46243855901576225	0.45978559721622186	0.0018137625411159962	0.0016099419934339956
1518233779235	0.46510000	0.46360000	0.462456243009013	0.45981094208521706	0.0018151513864015693	0.0016263434105037277
1518233781027	0.46510000	0.46370000	0.4624738095006475	0.45983678300159436	0.0018163473419659177	0.0016434398545598122
1518233781214	0.46510000	0.46370000	0.4624912592714073	0.45986245221753064	0.0018173507886175653	0.0016601862010696992
1518233783063	0.46510000	0.46370000	0.46250859309684644	0.45988795087389256	0.0018181620450945005	0.0016765929407250018
1518233784056	0.46510000	0.46370000	0.46252581174736573	0.45991328010396637	0.0018187813685725549	0.0016928501607250046
1518233784255	0.46510000	0.46380000	0.46254291598824704	0.45993910548533534	0.0018192089550742147	0.0017096030728407914
1518233785997	0.46510000	0.46390000	0.46255990657968726	0.45996542372131316	0.0018194449397794046	0.0017271551432598347
1518233788001	0.46510000	0.46390000	0.4625767842768322	0.45999156708529115	0.001819489397239419	0.0017443713926671588
1518233788054	0.46510000	0.46390000	0.46259354982981005	0.4600175367392095	0.0018193423414947373	0.0017612616689937587
1518233790244	0.46510000	0.46390000	0.4626102039837648	0.4600433338372878	0.001819003726097215	0.0017779662226512917
1518233791080	0.46510000	0.46290000	0.46262674747888927	0.46006231500780415	0.0018184734440366917	0.001787411038967318
1518233791915	0.46510000	0.46300000	0.4626431810504581	0.4600818345094134	0.0018177513275717567	0.0017975327535263473
1518233792433	0.46510000	0.46300000	0.46265950542886036	0.4601012243133376	0.0018168371479640717	0.0018072925115271811
1518233794084	0.46510000	0.46300000	0.46267572133963203	0.4601204852813553	0.0018157306151152094	0.0018169020031055317
1518233794667	0.46510000	0.46310000	0.4626918295034883	0.46014028272134627	0.001814431377104742	0.0018269723284409368
1518233796442	0.46510000	0.46320000	0.4627078306363555	0.46016061306871275	0.001812939019627762	0.0018378210528292032
1518233797204	0.46510000	0.46320000	0.462723725449403	0.4601808083307147	0.0018112530653298178	0.0018485146890288887
1518233798254	0.46510000	0.46340000	0.46273951464907476	0.46020219830858367	0.0018093729730366645	0.0018603272113618462
1518233800620	0.46510000	0.46340000	0.46275519893712075	0.4602234461603539	0.0018072981368760287	0.0018719654258440698
1518233801050	0.46510000	0.46340000	0.46277077901062824	0.46024455283038473	0.001805027885287832	0.0018835088708754927
1518233802620	0.46510000	0.46350000	0.46278625556205266	0.4602661837085882	0.0018025614799193094	0.0018955311187691505
1518233803539	0.46510000	0.46350000	0.46280162927924834	0.46028767086002614	0.0017998981144004295	0.0019001023364253059
1518233803687	0.46510000	0.46360000	0.4628169008454992	0.460309679691521	0.001797036912995019	0.0019055633171205745
1518233805482	0.46510000	0.46360000	0.46283207093954903	0.4603315422849328	0.0017939769291220593	0.0019107554061737547
1518233806612	0.46510000	0.46360000	0.4628471402356318	0.4603532596119432	0.0017907171437412683	0.0019156807899253223
1518233808811	0.46510000	0.46360000	0.46286210940350137	0.46037483263777745	0.0017872564635962756	0.001920836941428285
1518233808837	0.46510000	0.46370000	0.4628769791084615	0.4603969267730746	0.001783593719308174	0.00192686031322114
1518233809901	0.46510000	0.46380000	0.4628917500113953	0.4604195385553133	0.0017797276633113178	0.001933277700348992
1518233811616	0.46510000	0.46380000	0.4629064227687947	0.4604420000931518	0.0017756569676225938	0.001940341779744548
1518233811922	0.46510000	0.46380000	0.4629209980327894	0.46046431238489166	0.0017713802214343742	0.0019471465162014835
1518233815201	0.46510000	0.46390000	0.46293547645117616	0.4604871408740286	0.001766895928520472	0.0019543493091620638
1518233815833	0.46510000	0.46390000	0.4629498586674474	0.4605098176788523	0.0017622025044434237	0.0019617254026890606
1518233818829	0.46510000	0.46390000	0.46296414532081986	0.460532343807232	0.0017572982735501194	0.001968842722684235
1518233819379	0.46510000	0.46390000	0.4629783370462629	0.4605547202603401	0.0017521814657417457	0.001976130225128567
1518233821576	0.46510000	0.46390000	0.4629924344745269	0.46057694803269666	0.0017468502130024402	0.001983579816616639
1518233822968	0.46510000	0.46390000	0.46300643823217125	0.46059902811221365	0.001741302545669635	0.001990787002390989
1518233823482	0.46510000	0.46400000	0.46302034894159205	0.46062162593206607	0.0017355363884273799	0.0019987886331475917
1518233824491	0.46510000	0.46400000	0.4630341672210499	0.4606440736002915	0.0017295495560019853	0.002006545511292706
1518233825670	0.46510000	0.46400000	0.4630478936846974	0.4606663721145753	0.001723339748537388	0.0020144459122382347
1518233826201	0.46510000	0.46400000	0.4630615289426064	0.46068852246597347	0.0017169045466251841	0.0020224817263286557
1518233827146	0.46510000	0.46400000	0.46307507360079503	0.46071052563895704	0.001710241405961937	0.002030288731519078
1518233829069	0.46510000	0.46400000	0.46308852826125485	0.46073238261145566	0.001703347651603228	0.002038227552447364
1518233829252	0.46510000	0.46400000	0.4631018935219774	0.4607540943549011	0.001696220471780984	0.0020448177316219544
1518233832342	0.46510000	0.46400000	0.4631151699769809	0.46077566183427054	0.0016888569112469764	0.0020515733528738964
1518233836847	0.46510000	0.46400000	0.46312835821633647	0.4607970860081292	0.0016812538641013005	0.002058105925359529
1518233836871	0.46510000	0.46400000	0.4631414588261947	0.4608183678286732	0.0016734080660602687	0.0020648002324680243
1518233839856	0.46510000	0.46400000	0.4631544723888113	0.4608395082417717	0.0016653160861129905	0.0020712797976130634
1518233845982	0.46510000	0.46400000	0.46316739948257335	0.46086050818700913	0.0016569743175103547	0.0020779171997192024
1518233846075	0.46510000	0.46400000	0.4631802406820247	0.46088136859772666	0.0016483789680235067	0.00208434791295077
1518233847287	0.46510000	0.46400000	0.46319299655789165	0.460902090401064	0.001639526049401676	0.002091274863702894
1518233849719	0.46510000	0.46400000	0.4632056676771083	0.46092267451800045	0.001630411365951008	0.0020980068848526
1518233850608	0.46510000	0.46400000	0.46321825460284183	0.4609431218633958	0.0016210305021463693	0.002104876243392948
1518233850992	0.46510000	0.46400000	0.4632307578945173	0.46096343334603107	0.0016113788091776165	0.0021115582450461166
1518233852025	0.46510000	0.46400000	0.46324317810784277	0.4609836098686488	0.001601451390319286	0.0021183730392292433
1518233853410	0.46510000	0.46400000	0.46325551579483387	0.4610036523279933	0.0015912430849985074	0.0021250078169790907
1518233854688	0.46510000	0.46400000	0.4632677715038383	0.4610235616148505	0.0015807484514199853	0.0021317706776814065
1518233854878	0.46510000	0.46400000	0.46327994577956033	0.46104333861408736	0.001569961747587786	0.0021383606389527095
1518233859289	0.46510000	0.46400000	0.46329203916308487	0.46106298420469144	0.001558876910542405	0.0021447792945247825
1518233859309	0.46510000	0.46400000	0.46330405219190157	0.46108249925980976	0.0015474875336062269	0.0021513246307023675
1518233861439	0.46510000	0.46400000	0.4633159853999288	0.46110188464678775	0.0015357868414015792	0.002157705468521807
1518233861612	0.46510000	0.46400000	0.46332783931753724	0.46112114122720776	0.001523767662371435	0.00216447712443958
1518233863185	0.46510000	0.46400000	0.4633396144715735	0.4611402698569273	0.0015114223984931184	0.002171094552421792
1518233864414	0.46510000	0.46400000	0.46335131138538366	0.4611592713861172	0.0014987429918286786	0.002177559158527941
1518233865338	0.46510000	0.46400000	0.46336293057883626	0.4611781466592991	0.0014857208875005995	0.0021841315334831775
1518233866323	0.46510000	0.46400000	0.46337447256834563	0.46119689651538354	0.0014723469926164441	0.0021905573872114587
1518233867134	0.46510000	0.46400000	0.4633859378668948	0.4612155217877066	0.0014586116305887967	0.0021973178346945377
1518233867701	0.46510000	0.46400000	0.4633973269840583	0.4612340233040673	0.0014536257733298826	0.0022045522599082774
1518233869389	0.46510000	0.46290000	0.46340864042602464	0.4612450929166649	0.0014484742547476242	0.002207287400105996
1518233870312	0.46510000	0.46290000	0.4634198786956192	0.46125608897701925	0.0014431553007983032	0.0022099644039365665
1518233871195	0.46510000	0.46290000	0.463431042292326	0.46126701197384967	0.0014376670530952464	0.0022127460064112416
1518233872117	0.46510000	0.46290000	0.4634421317123106	0.4612778623926281	0.0014320075651569366	0.0022154727611856527
1518233873049	0.46510000	0.46290000	0.4634531474484414	0.46128864071560066	0.001426174798387483	0.002218144870531835
1518233874104	0.46510000	0.46290000	0.46346408999031224	0.4612993474218093	0.0014201666177678697	0.002220762531704426
1518233875361	0.46510000	0.46300000	0.4634749598242637	0.4613106474389401	0.001413980787233932	0.002223652525813234
1518233876104	0.46510000	0.46300000	0.46348575743340475	0.4613218723729007	0.0014076149647147486	0.0022264844236798273
1518233877416	0.46510000	0.46300000	0.4634964832976346	0.4613330227225824	0.0014010666968024442	0.0022292584467087373
1518233877898	0.46510000	0.46310000	0.4635071378936636	0.46134476343538916	0.0013943334130209644	0.0022321375903429958
1518233879291	0.46510000	0.46310000	0.46351772169503463	0.46135642613681516	0.0013874124196583506	0.002225718959996727
1518233880829	0.46510000	0.46310000	0.46352823517214403	0.4613680113452084	0.0013803008931227913	0.002220196287618636
1518233881826	0.46510000	0.46320000	0.4635386787922627	0.4613801840273	0.0013729958727784605	0.0022153639279660926
1518233881862	0.46510000	0.46320000	0.4635490530195566	0.4613922758277831	0.0013654942532122097	0.0022103519076281915
1518233882909	0.46510000	0.46320000	0.46355935831510775	0.4614042872840769	0.0013577927758764356	0.002206187359828419
1518233884704	0.46510000	0.46330000	0.4635695951369343	0.4614168833818571	0.0013498880200471038	0.0022022092694988548
1518233887770	0.46510000	0.46330000	0.46357976394001116	0.46142939578463543	0.0013417763930286268	0.0021980597504769254
1518233888619	0.46510000	0.46330000	0.46358986517629014	0.4614418250485249	0.0013334541195290193	0.0021937378299757434
1518233888877	0.46510000	0.46330000	0.4635998992947201	0.46145417172594333	0.0013249172301191831	0.0021902403723995487
1518233890913	0.46510000	0.46330000	0.4636098667412668	0.46146643636563806	0.0013161615486794339	0.0021865836112275505
1518233891825	0.46510000	0.46330000	0.4636197679589328	0.46147861951271024	0.001307182678723817	0.0021832498457320265
1518233892965	0.46510000	0.46330000	0.4636296033877771	0.4614907217086391	0.0012979759884784773	0.0021802335246991883
1518233896293	0.46510000	0.46330000	0.4636393734649347	0.46150274349130593	0.0012885365945736963	0.0021770696666237733
1518233897060	0.46510000	0.46330000	0.46364907862463617	0.46151468539501816	0.0012788593441900665	0.0021742201411591774
1518233899549	0.46500000	0.46330000	0.4636580548463994	0.461526547950533	0.0012686022054038733	0.002171228505298842
1518233899971	0.46500000	0.46330000	0.46366697142549307	0.46153833168508096	0.0012580981678708598	0.0021680941707714987
1518233900920	0.46500000	0.46330000	0.46367582875821406	0.4615500371223894	0.0012473409940972754	0.002165714944821279
1518233901668	0.46500000	0.46330000	0.4636846272382259	0.46156166478270577	0.0012363240765358584	0.002163204695713186
1518233902878	0.46500000	0.46290000	0.46369336725657656	0.4615705573755117	0.001225040407496837	0.0021602080918281977
1518233904456	0.46500000	0.46290000	0.4637020492017156	0.46157939088132227	0.0012134825457701932	0.0021571076056196743
1518233905224	0.46500000	0.46290000	0.4637106734595115	0.4615881656927421	0.0012016425795089432	0.0021543094794697795
1518233908698	0.46500000	0.46290000	0.4637192404132689	0.461596882199767	0.0011895120848482467	0.002151806063132399
1518233909308	0.46490000	0.46290000	0.46372708599191825	0.4616055407898018	0.0011767799284488217	0.0021492085364927613
1518233909887	0.46490000	0.46290000	0.4637348794404769	0.4616141418476769	0.0011637400912575015	0.002146516557898714
1518233911701	0.46490000	0.46290000	0.46374262110532427	0.4616226857556658	0.001150382110431146	0.0021441159535394157
1518233912508	0.46480000	0.46290000	0.46374964687871084	0.4616311728935019	0.001136423434386249	0.0021416254470741527
1518233913480	0.46480000	0.46290000	0.46375662596921774	0.46163960363839557	0.0011221247207369184	0.002139420378409902
1518233914285	0.46480000	0.46290000	0.46376355868703023	0.4616479783650507	0.0011074727987630312	0.0021374922741900716
1518233917371	0.46480000	0.46290000	0.46377044534027256	0.4616562974456816	0.0011068712160359517	0.0021354832916435805
1518233917547	0.46470000	0.46290000	0.46377662178319434	0.46166456125002925	0.0011059963331263387	0.0021337446478485278
1518233919167	0.46470000	0.46290000	0.46378275718662826	0.4616727701453779	0.0011050881814990631	0.0021319293296605053
1518233920615	0.46470000	0.46290000	0.46378885182326196	0.4616809244965714	0.0011041466790643844	0.0021300371410429074
1518233920811	0.46460000	0.46290000	0.46379424151214393	0.4616890246660294	0.0011029699300827227	0.002128067876945872
1518233922470	0.46460000	0.46290000	0.4637995953891397	0.46169707101376345	0.0011017627794685395	0.002126021323191911
1518233923475	0.46460000	0.46290000	0.4638049136922019	0.4617050638973929	0.0011018002944676085	0.0021238972563557717
1518233924263	0.46460000	0.46290000	0.46381019665770223	0.46171300367216106	0.0011018232869002052	0.0021216954436383095
1518233924631	0.46460000	0.46290000	0.46381544452044177	0.4617208906909507	0.0011014081391059838	0.002109708010339085
1518233926574	0.46450000	0.46290000	0.4638199930618342	0.46172872530429987	0.0011008079860821498	0.0020981414791826324
1518233927868	0.46450000	0.46300000	0.4638245113803602	0.4617371723122447	0.0010999300987891184	0.0020872383402210917
1518233928815	0.46450000	0.46300000	0.4638289996768362	0.46174556319389093	0.0010990316950237093	0.002076110118038596
1518233929882	0.46450000	0.46300000	0.4638334581507443	0.46175389832217073	0.0010978185946078167	0.002065401871038393
1518233930075	0.46450000	0.46300000	0.463837887000241	0.4617621780675384	0.001096581354331125	0.002055112865243394
1518233931566	0.46450000	0.46290000	0.4638422864221663	0.4617697383461594	0.001095319892390658	0.0020450062754589974
1518233932458	0.46450000	0.46290000	0.4638466566120522	0.461777248390371	0.001094034125000991	0.002035920648966678
1518233933863	0.46500000	0.46290000	0.4638543200232678	0.46178470853395653	0.0010938066048844764	0.002026657236820174
1518233934874	0.46500000	0.46290000	0.46386193251480756	0.4617921191084817	0.0010935383954037638	0.0020183876953868145
1518233935884	0.46500000	0.46290000	0.4638694944250082	0.4617994804433091	0.0010932294666110508	0.002009956771232217
1518233936890	0.46500000	0.46290000	0.4638770060899583	0.4618067928656127	0.0010928797839754572	0.00200136242483853
1518233937264	0.46500000	0.46290000	0.4638844678435134	0.4618140567003927	0.001092489308363661	0.001992602541624623
1518233938722	0.46500000	0.46290000	0.46389188001731063	0.4618212722704898	0.0010920579960179237	0.001983674928566231
1518233939792	0.46500000	0.46290000	0.46389924294078366	0.4618284398965995	0.0010915857985314649	0.0019751652251562856
1518233940817	0.46500000	0.46290000	0.4639065569411771	0.46183555989728653	0.001091072662821123	0.001966493890715714
1518233941826	0.46500000	0.46290000	0.4639138223435613	0.46184263258899894	0.0010905185310973345	0.0019588040285394123
1518233942312	0.46490000	0.46290000	0.4639203750190194	0.461849658286082	0.0010896635056546462	0.0019509685344008582
1518233944087	0.46480000	0.46290000	0.4639262197032784	0.4618566373007924	0.0010881891175506101	0.0019440810168303198
1518233944573	0.46480000	0.46290000	0.4639320255524261	0.46186356994331207	0.0010866758179573857	0.001937062954291598
1518233945877	0.46480000	0.46290000	0.463937792824503	0.46187045652176184	0.0010851234440785557	0.001930443357251271
1518233946349	0.46480000	0.46290000	0.4639435217758352	0.4618772973422153	0.001083531827969183	0.0019242162906839104
1518233947955	0.46480000	0.46290000	0.4639492126610456	0.46188409270871217	0.0010819007964380793	0.0019178716212394312
1518233949369	0.46480000	0.46290000	0.4639548657330652	0.4618908429232722	0.0010802301709461003	0.0019114081778160914
1518233949717	0.46480000	0.46290000	0.46396048124314454	0.4618975482859083	0.0010785197675003031	0.0019048247513441601
1518233951309	0.46480000	0.46290000	0.4639660594408645	0.4619042090946398	0.001076769396543825	0.001898636235711192
1518233952701	0.46480000	0.46290000	0.46397160057414777	0.461910825645506	0.0010749788628412985	0.0018923335388409289
1518233953442	0.46480000	0.46290000	0.4639771048892697	0.46191739823257905	0.0010731479653596583	0.0018869105849391907
1518233954860	0.46480000	0.46290000	0.4639825726308692	0.4619239271479772	0.001071276497144108	0.0018813867226064934
1518233955850	0.46480000	0.46290000	0.4639880040419598	0.4619304126818777	0.0010693642451891237	0.0018757610603580529
1518233956666	0.46480000	0.46290000	0.46399339936394013	0.46193685512252963	0.0010674109903042216	0.0018700326794530158
1518233957492	0.46480000	0.46290000	0.46399875883660496	0.46194325475626696	0.0010654165069743137	0.0018642006329791876
1518233958478	0.46480000	0.46290000	0.46400408269815574	0.461949611867521	0.0010633805632144291	0.0018582639448928924
1518233959921	0.46480000	0.46290000	0.4640093711852112	0.4619559267388331	0.0010613029204185312	0.0018522216090114331
1518233960308	0.46480000	0.46290000	0.4640146245328178	0.46196219965086743	0.0010591833332022113	0.0018460725879553077
1518233961163	0.46480000	0.46290000	0.4640198429744602	0.4619684308824231	0.0010570215492389787	0.0018398158120372335
1518233962133	0.46480000	0.46290000	0.46402502674207174	0.46197462071044687	0.0010548173090898603	0.00183345017809472
1518233963868	0.46480000	0.46290000	0.4640301760660447	0.46198076941004523	0.001052134127486717	0.0018269745482627868
1518233965107	0.46480000	0.46290000	0.4640352911752404	0.4619868772544968	0.0010494017343229494	0.0018203877486831085
1518233965711	0.46470000	0.46290000	0.46403970784517234	0.46199294451526424	0.0010464574631690647	0.0018136885681456522
1518233966863	0.46470000	0.46290000	0.46404409516846024	0.4619989714620067	0.0010429881750687988	0.0018068757566584391
1518233967470	0.46460000	0.46290000	0.46404778888827114	0.46200495836259137	0.001039337395758584	0.0017999480239409412
1518233968951	0.46460000	0.46290000	0.46405145806509324	0.4620109054831057	0.0010356350172183756	0.0017934347864735265
1518233969329	0.46460000	0.46290000	0.4640551028620029	0.4620168130878691	0.0010318804840355044	0.0017868126806007288
1518233971021	0.46460000	0.46290000	0.4640587234409929	0.46202268143944475	0.0010280732248023814	0.0017806008973252725
1518233971859	0.46460000	0.46290000	0.4640623199629797	0.4620285107986511	0.001024212651530711	0.001774286210157639
1518233972880	0.46460000	0.46290000	0.4640658925878104	0.4620343014245737	0.0010202981590365368	0.0017683771279528222
1518233973650	0.46450000	0.46290000	0.46406877702244287	0.4620400535745765	0.0010162442291759143	0.0017623710039476818
1518233975105	0.46450000	0.46290000	0.46407164229139675	0.46204576750431353	0.0010121384951346055	0.0017567652091272773
1518233975436	0.46450000	0.46290000	0.4640744885220187	0.46205144346774	0.001007980323882042	0.0017510681184795646
1518233977342	0.46450000	0.46290000	0.4640773158408093	0.4620570817171238	0.0010037690637459136	0.0017457655118091394
1518233977366	0.46450000	0.46290000	0.4640801243734285	0.46206268250305654	0.0009995040436803384	0.0017408481649280427
1518233979760	0.46450000	0.46290000	0.4640829142447014	0.4620682460744648	0.0009951845724956495	0.001735851344121636
1518233980423	0.46450000	0.46290000	0.4640856855786236	0.46207377267862115	0.0009908099380473243	0.001730774361056027
1518233981573	0.46500000	0.46290000	0.4640917607575032	0.4620792625611552	0.000987082344870766	0.0017260782781271032
1518233982154	0.46500000	0.46290000	0.4640977955697457	0.4620847159660645	0.0009832808460568294	0.0017213073519856956
1518233983746	0.46500000	0.46290000	0.46410379028356796	0.46209013313572517	0.0009794045810253013	0.0017164609585487883
1518233983820	0.46500000	0.46290000	0.4641097451654047	0.46209551431090307	0.0009754526584560113	0.001711990524376683
1518233987100	0.46500000	0.46290000	0.4641156604799203	0.4621008597307642	0.0009714241549852991	0.0017074498203135816
1518233987453	0.46500000	0.46290000	0.4641215364900205	0.46210616963288537	0.0009673181138246844	0.001702838284224966
1518233988661	0.46500000	0.46290000	0.4641273734568642	0.4621114442532649	0.0009631335432961696	0.001698155339053396
1518233989964	0.46490000	0.46290000	0.4641325071880478	0.4621166838263329	0.0009586740843477581	0.0016938454278160502
1518233990938	0.46490000	0.46290000	0.4641376068080608	0.46212188858496195	0.0009541374231326616	0.0016894692131619986
1518233992555	0.46490000	0.46290000	0.46414267254355546	0.46212705876047716	0.0009495224530725433	0.0016738318978386792
1518233992693	0.46480000	0.46290000	0.46414704016785074	0.4621321945826667	0.0009446727240455113	0.0016594873371683849
1518233994480	0.46480000	0.46290000	0.4641513787713866	0.46213729627979183	0.0009397458285207933	0.0016448809142981203
1518233995457	0.46480000	0.46290000	0.464155688546992	0.4621423640785972	0.0009347405462955498	0.0016300055896291351
1518233995621	0.46480000	0.46290000	0.46415996968621465	0.4621473982043208	0.0009296556112644985	0.001615647651356366
1518233997567	0.46470000	0.46290000	0.46416355792750225	0.4621523988807041	0.0009243770274562743	0.001601026615088652
1518233998102	0.46470000	0.46300000	0.4641671223266551	0.462158030781829	0.0009190197676510251	0.0015870596152073883
1518233999111	0.46470000	0.46300000	0.4641706630420926	0.4621636252616839	0.0009135824477784698	0.001571203219050786
1518233999907	0.46470000	0.46300000	0.4641741802311817	0.46216918256891526	0.0009080636296843772	0.0015566860812493808
1518234001949	0.46470000	0.46300000	0.46417767405024357	0.46217470295051716	0.0009024618182135693	0.0015418927762115404
1518234002157	0.46470000	0.46300000	0.4641811446545609	0.46218018665184263	0.0008967754580842581	0.001526815276609746
1518234003881	0.46470000	0.46300000	0.4641845921983844	0.46218563391661444	0.0008910029305351539	0.0015114450774746076
1518234004065	0.46470000	0.46300000	0.46418801683494	0.4621910449869359	0.0008851425497248141	0.00149577315570689
1518234005616	0.46650000	0.46300000	0.4642033788493258	0.4621964201033018	0.0008867105252310715	0.0014806408147225404
1518234006938	0.46650000	0.46300000	0.4642186387905263	0.4622017595046088	0.0008873968797681404	0.0014652120058961553
1518234007080	0.46650000	0.46290000	0.4642337973367686	0.462206398976339	0.000887892385871677	0.0014502160375459757
1518234008941	0.46640000	0.46290000	0.4642481907099462	0.46221100762101447	0.0008874785756412556	0.0014349332156352544
1518234009957	0.46640000	0.46290000	0.46426248844609275	0.4622155856434662	0.0008861323578086774	0.0014202073401052724
1518234010662	0.46640000	0.46290000	0.4642766911806702	0.4622201332471641	0.0008845930640067772	0.0014052006578737744
1518234012132	0.46440000	0.46290000	0.4642775105083734	0.46222465063422613	0.0008765773718782045	0.0013907575473660221
1518234013105	0.46440000	0.46290000	0.4642783243920387	0.4622291380054273	0.0008684415159736879	0.0013760400510967055
1518234013577	0.46440000	0.46290000	0.4642791328678391	0.46223359556020854	0.0008601820866666738	0.0013618926373086672
1518234014514	0.46440000	0.46290000	0.4642799359717073	0.4622380234966856	0.0008509588709215107	0.0013483179232741172
1518234016090	0.46440000	0.46290000	0.46428073373933715	0.46224242201165777	0.0008415817778973698	0.0013344911639522638
1518234016463	0.46440000	0.46290000	0.4642815262061854	0.46224679130061685	0.0008320456050535313	0.0013204044414075922
1518234017914	0.46440000	0.46290000	0.4642823134074732	0.4622511315577556	0.0008223448181876085	0.0013069001066986319
1518234019432	0.46440000	0.46290000	0.4642830953781877	0.4622554429759765	0.0008115442070522167	0.0012931434138906967
1518234019980	0.46440000	0.46290000	0.4642838721530834	0.4622597257469002	0.0008005366949740699	0.0012807971042371345
1518234021424	0.46440000	0.46290000	0.4642846437666842	0.4622639800608743	0.0007893136258801117	0.0012682293430869142
1518234022263	0.46440000	0.46290000	0.4642854102532843	0.4622682061069815	0.0007778656696371236	0.0012554334798077613
1518234023333	0.46440000	0.46290000	0.4642861716469502	0.46227240407304804	0.0007661827458250474	0.0012432316312292312
1518234023724	0.46440000	0.46290000	0.46428692798152194	0.4622765741456524	0.0007542539360189016	0.0012316233190387401
1518234025096	0.46440000	0.46290000	0.4642876792906148	0.4622807165101331	0.0007420673823851896	0.0012198112786638623
1518234029665	0.46440000	0.46290000	0.4642884256076207	0.46228483135059734	0.0007296101698852655	0.0012085960174240767
1518234031039	0.46440000	0.46290000	0.4642891669657096	0.4622889188499289	0.0007168681887209178	0.0011971865166111593
1518234031797	0.46440000	0.46290000	0.4642899033978311	0.4622929791897965	0.0007038259728086237	0.0011863763689862082
1518234032294	0.46440000	0.46290000	0.46429063493671596	0.46229701255066163	0.0006904665089633274	0.0011761622620483378
1518234034194	0.46440000	0.46290000	0.46429136161487733	0.4623010191117868	0.0006767710100174243	0.001165778519083088
1518234037090	0.46440000	0.46290000	0.46429208346461237	0.46230499905124334	0.000662718643166169	0.0011559913494486045
1518234038258	0.46440000	0.46290000	0.46429280051800365	0.46230895254591947	0.0006482862022286189	0.00114604459870558
1518234038955	0.46440000	0.46290000	0.46429351280692055	0.46231287977152796	0.0006475831992879422	0.0011366939879414442
1518234039522	0.46440000	0.46300000	0.46429422036302076	0.4623174453544414	0.0006465391626876857	0.001127253249668808
1518234040769	0.46440000	0.46300000	0.4642949232177515	0.46232198060125573	0.0006454906832962253	0.0011176548364022535
1518234041533	0.46440000	0.46300000	0.46429562140235114	0.46232648571353974	0.0006444377394287278	0.0011078946500256938
1518234043079	0.46440000	0.46300000	0.46429631494785045	0.46233096089152287	0.0006433803091657587	0.0010979683763913948
1518234044917	0.46440000	0.46300000	0.46429700388507406	0.46233540633410414	0.0006423183703498569	0.001087871469123695
1518234045893	0.46440000	0.46300000	0.4642976882446417	0.46233982223886094	0.0006408545510141612	0.0010775991318152085
1518234050071	0.46440000	0.46300000	0.46429836805696967	0.4623442088020579	0.0006393830359547189	0.001067146298415651
1518234050096	0.46440000	0.46300000	0.4642990433522722	0.4623485662186555	0.0006379037719140942	0.0010565076115832443
1518234052342	0.46440000	0.46300000	0.4642997141605627	0.46235289468231894	0.0006359611273934575	0.0010456773987335833
1518234052357	0.46440000	0.46300000	0.4643003805116553	0.46235719438542644	0.0006340062214906839	0.0010346496454785561
1518234054194	0.46500000	0.46300000	0.4643050291461293	0.4623614655190781	0.0006319608813491262	0.001023417966098574
1518234055073	0.46500000	0.46300000	0.4643096468926667	0.46236570827310414	0.0006293647591023876	0.0010119755706318
1518234058911	0.46500000	0.46300000	0.4643142339565028	0.46236992283607353	0.0006267279225380794	0.0010003152280934056
1518234058928	0.46500000	0.46300000	0.46431879054150943	0.46237410939530227	0.0006234679890205577	0.0009884292252525415
1518234061203	0.46500000	0.46300000	0.4643233168502037	0.4623782681368617	0.0006201558047960425	0.0009763093202919271
1518234061980	0.46500000	0.46300000	0.4643278130837572	0.4623823992455869	0.0006167905281013644	0.0009639466905499662
1518234063085	0.46500000	0.46300000	0.46433227944200467	0.46238650290508465	0.0006133712850577038	0.0009513318733929463
1518234063254	0.46500000	0.46300000	0.4643367161234531	0.4623905792977419	0.0006092366808830051	0.0009384546990783427
1518234066620	0.46500000	0.46300000	0.46434112332529065	0.4623946286047337	0.0006050325060138004	0.0009253042142392422
1518234066908	0.46500000	0.46300000	0.464345501243395	0.4623986510060311	0.0006007572998585514	0.0009118685943343711
1518234068035	0.46500000	0.46300000	0.4643498500723426	0.46240264668040965	0.00059640953491149	0.0008981350430506359
1518234070460	0.46500000	0.46300000	0.46435417000541673	0.4624066158054568	0.000591239282261331	0.0008840896761955518
1518234071247	0.46500000	0.46300000	0.4643584612346166	0.46241055855758	0.0005859748762153239	0.000869717387047853
1518234072250	0.46500000	0.46300000	0.4643627239506657	0.46241447511201467	0.0005806137557217699	0.0008550016894070447
1518234073877	0.46500000	0.46300000	0.46436695834302005	0.46241836564283184	0.0005751532163017349	0.0008399245336470555
1518234074069	0.46500000	0.46300000	0.46437116459987704	0.46242223032294594	0.0005695903986394338	0.00082446608986261
1518234076054	0.46500000	0.46300000	0.4643753429081835	0.4624260693241224	0.0005630614728626254	0.0008086044906023144
1518234077869	0.46500000	0.46300000	0.4643794934536441	0.4624298828169854	0.0005563982386744273	0.0007923155235692998
1518234078512	0.46500000	0.46300000	0.4643836164207295	0.46243367097102533	0.0005486446937682033	0.0007755722618385284
1518234082277	0.46500000	0.46300000	0.4643877119926848	0.46243743395460657	0.0005407134176252754	0.0007583446153006966
1518234082657	0.46500000	0.46300000	0.4643917803515374	0.46244117193497464	0.0005325964701347591	0.0007405987817675372
1518234084416	0.46500000	0.46300000	0.4643958216781052	0.46244488507826387	0.0005242852277148443	0.0007222965688229039
1518234084441	0.46500000	0.46300000	0.46439983615200486	0.46244857354950464	0.0005146761657154531	0.0007033945470992045
1518234087899	0.46500000	0.46300000	0.4644038239516593	0.46245223751263087	0.0005048048027593377	0.0006838429806777489
1518234094732	0.46500000	0.46300000	0.4644077852543061	0.46245587713048714	0.0004934381645375918	0.0006635844583271535
1518234094929	0.46500000	0.46300000	0.4644117202360051	0.46245949256483604	0.0004817111859472141	0.0006425521163471703
1518234096946	0.46500000	0.46300000	0.46441562907164624	0.4624630839763654	0.0004695968720319868	0.0006206672932327718
1518234101032	0.46500000	0.46300000	0.46441951193495756	0.4624666515246952	0.0004570644253153979	0.0005978363767230442
1518234108808	0.46500000	0.46300000	0.46442336899851266	0.4624701953683849	0.0004440784465234416	0.0005739464744691455
1518234113027	0.46500000	0.46300000	0.4644272004337385	0.4624737156649405	0.00043059790472732405	0.0005488593221906331
1518234115956	0.46500000	0.46300000	0.46443100641092294	0.4624772125708213	0.00041501593008248355	0.0005224024629855199
1518234116878	0.46500000	0.46300000	0.4644347870992225	0.46248068624144706	0.0003987027575636943	0.0004943560345428144
1518234117211	0.46500000	0.46300000	0.4644385426666695	0.4624841368312049	0.00038156461517750896	0.0004665028283825232
1518234122151	0.46500000	0.46300000	0.46444227328018	0.462487564493456	0.0003634848308007186	0.0004366919839988962
1518234122275	0.46500000	0.46300000	0.46444597910556085	0.4624909693805427	0.0003443151011630092	0.00040901290389859377
1518234124551	0.46500000	0.46300000	0.4644496603075173	0.4624943516437949	0.0003238619390350767	0.0003791362991502367
1518234124571	0.46500000	0.46300000	0.46445331704966003	0.46249771143353713	0.00032351043259840024	0.0003789453200074683
1518234127561	0.46500000	0.46300000	0.46445694949451277	0.46250104889909505	0.0003233855627918882	0.0003787539512078546
1518234127583	0.46500000	0.46300000	0.46446055780351936	0.46250436418880203	0.00032326030103034027	0.0003785621921604662
1518234130607	0.46500000	0.46300000	0.4644641421370508	0.462507657450006	0.00032313464685793786	0.0003783700422719739
1518234130622	0.46500000	0.46300000	0.46446770265441256	0.46251092882907574	0.00032313464685793786	0.00037817750094661605
1518234133200	0.46500000	0.46300000	0.46447123951385166	0.46251417847140747	0.00032313464685793786	0.00037817750094661605
1518234133228	0.46500000	0.46300000	0.4644747528725636	0.46251740652143136	0.00032313464685793786	0.00037817750094661605
1518234134882	0.46500000	0.46300000	0.4644782428866994	0.4625206131226179	0.00032313464685793786	0.00037817750094661605
1518234136816	0.46500000	0.46300000	0.46448170971137254	0.4625237984174842	0.00032313464685793786	0.00037817750094661605
1518234136830	0.46500000	0.46300000	0.4644851535006657	0.46252696254760056	0.00032313464685793786	0.00037817750094661605
1518234138185	0.46500000	0.46300000	0.464488574407638	0.4625301056535966	0.00032313464685793786	0.00037817750094661605
1518234143078	0.46500000	0.46300000	0.46449197258433145	0.4625332278751674	0.00032313464685793786	0.00037817750094661605
1518234143267	0.46500000	0.46300000	0.46449534818177773	0.4625363293510799	0.00032313464685793786	0.00037817750094661605
1518234144524	0.46500000	0.46300000	0.46449870135000515	0.46253941021917905	0.00032313464685793786	0.00037817750094661605
1518234149005	0.46500000	0.46300000	0.464502032238045	0.4625424706163938	0.00032313464685793786	0.00037817750094661605
1518234151003	0.46500000	0.46300000	0.46450534099393836	0.46254551067874333	0.00032313464685793786	0.00037817750094661605
1518234151346	0.46490000	0.46300000	0.4645079633129155	0.46254853054134304	0.00032311177976394867	0.00037817750094661605
1518234154005	0.46490000	0.46300000	0.4645105682078463	0.4625515303384105	0.00032308856714874075	0.00037817750094661605
1518234154198	0.46490000	0.46300000	0.46451315579450514	0.4625545102032716	0.00032306500893783624	0.00037817750094661605
1518234161522	0.46490000	0.46300000	0.4645157261878971	0.46255747026836613	0.0003230411050556256	0.00037817750094661605
1518234161797	0.46490000	0.46300000	0.4645182795022632	0.46256041066525405	0.00032301685542536804	0.00037817750094661605
1518234163435	0.46490000	0.46300000	0.4645208158510854	0.46256333152462115	0.00032286409249439053	0.0003782819348346265
1518234163720	0.46490000	0.46300000	0.4645233353470915	0.4625662329762848	0.0003227098800264268	0.00037840175592734107
1518234166744	0.46490000	0.46300000	0.46452583810226034	0.46256911514919985	0.00032255421594241533	0.00037852036492990804
1518234172281	0.46490000	0.46300000	0.4645283242278267	0.4625719781714643	0.00032239709813969026	0.0003786377629814012
1518234175769	0.46490000	0.46300000	0.4645307938342863	0.462574822170325	0.0003222385244918284	0.0003787539512078548
1518234177693	0.46490000	0.46300000	0.4645332470314007	0.46257764727218326	0.0003220784928484975	0.0003788689307223183
1518234178390	0.46490000	0.46300000	0.46453568392820205	0.46258045360260064	0.0003219170010352973	0.00037898270262492616
1518234182112	0.46490000	0.46300000	0.46453810463299805	0.4625832412863043	0.00032175404685360335	0.00037909526800294745
1518234182276	0.46490000	0.46300000	0.4645405092533768	0.4625860104471926	0.00032158962808040463	0.0003792066279308302
1518234184509	0.46490000	0.46300000	0.4645428978962115	0.4625887612083408	0.00032142374246814175	0.0003792395900570921
1518234185130	0.46490000	0.46300000	0.46454527066766527	0.4625914936920063	0.00032125638774454076	0.00037926991268313366
1518234186669	0.46490000	0.46300000	0.46454762767319574	0.4625942080196342	0.0003210875616124458	0.0003788749427215086
1518234190513	0.46490000	0.46300000	0.4645499690175599	0.4625969043118625	0.0003209172617496493	0.000378472221202862
1518234190539	0.46490000	0.46300000	0.46455229480481863	0.46259958268852786	0.00032074548580871833	0.00037806172335568786
1518234192939	0.46490000	0.46300000	0.46455460513834146	0.46260224326867055	0.0003205722314168206	0.0003772938730839274
1518234197106	0.46490000	0.46300000	0.46455690012081097	0.46260488617053985	0.0003203974961755469	0.0003765138333005458
1518234199505	0.46490000	0.46300000	0.4645591798542275	0.4626075115115994	0.00032022127766073054	0.0003757215280851903
1518234202684	0.46490000	0.46300000	0.4645614444399137	0.4626101194085323	0.0003200435734222654	0.000374470144188951
1518234202898	0.46490000	0.46300000	0.46456369397851893	0.46261270997724635	0.00031986438098392003	0.000373199976181975
1518234206064	0.46490000	0.46300000	0.46456592857002377	0.46261528333287927	0.0003196836978431508	0.00037191083160708277
1518234206977	0.46490000	0.46300000	0.46456814831374454	0.4626178395898037	0.00031950152147090994	0.00037060251243377406
1518234207580	0.46490000	0.46300000	0.4645703533083376	0.4626203788616322	0.00031931784931145483	0.00036872211758993327
1518234211921	0.46490000	0.46300000	0.46457254365180384	0.4626229012612227	0.00031913267878214987	0.00036616253221759856
1518234211956	0.46490000	0.46300000	0.46457471944149287	0.462625406900683	0.000318946007273268	0.00036356017383647036
1518234213564	0.46490000	0.46300000	0.4645768807741075	0.46262789589137615	0.00031875783214779113	0.00036091411720796674
1518234216396	0.46490000	0.46300000	0.46457902774570814	0.4626303683439251	0.00031856815074120454	0.0003582233939876141
1518234216594	0.46490000	0.46300000	0.4645811604517167	0.46263282436821795	0.0003183769603612876	0.00035805943020057366
1518234217406	0.46490000	0.46300000	0.46458327898692126	0.46263526407341254	0.0003181842582879078	0.00035805943020057366
1518234219068	0.46490000	0.46300000	0.4645853834454799	0.4626376875679414	0.00031799004177280563	0.00035805943020057366
1518234220544	0.46490000	0.46300000	0.4645874739209252	0.4626400949595165	0.0003177943080393767	0.00035805943020057366
1518234222251	0.46490000	0.46300000	0.46458955050616824	0.46264248635513433	0.00031759705428245513	0.0003581303300941413
1518234224320	0.46490000	0.46300000	0.4645916132935027	0.4626448618610803	0.00031739827766809103	0.0003581781059131898
1518234226695	0.46490000	0.46300000	0.464593662374609	0.4626472215829336	0.0003171979753333232	0.00035822463467619786
1518234228616	0.46490000	0.46300000	0.46459569784055843	0.4626495656255719	0.0003169961443859523	0.0003579416463925749
